  0.9127796E-01 -0.1723857E+00  0.1862890E+00 -0.2290692E+00  0.2429725E+00 -0.3510713E+00  0.3649746E+00 -0.2171487E+00  0.2310520E+00
  0.9100399E-01 -0.1718871E+00  0.1857111E+00 -0.2284004E+00  0.2422244E+00 -0.3500363E+00  0.3638603E+00 -0.2165157E+00  0.2303398E+00
  0.9073029E-01 -0.1713890E+00  0.1851337E+00 -0.2277324E+00  0.2414771E+00 -0.3490024E+00  0.3627472E+00 -0.2158834E+00  0.2296282E+00
  0.9045688E-01 -0.1708914E+00  0.1845569E+00 -0.2270650E+00  0.2407305E+00 -0.3479696E+00  0.3616351E+00 -0.2152518E+00  0.2289173E+00
  0.9018376E-01 -0.1703944E+00  0.1839807E+00 -0.2263984E+00  0.2399846E+00 -0.3469380E+00  0.3605242E+00 -0.2146208E+00  0.2282071E+00
  0.8991091E-01 -0.1698980E+00  0.1834050E+00 -0.2257325E+00  0.2392395E+00 -0.3459074E+00  0.3594144E+00 -0.2139906E+00  0.2274976E+00
  0.8963836E-01 -0.1694021E+00  0.1828298E+00 -0.2250674E+00  0.2384951E+00 -0.3448780E+00  0.3583057E+00 -0.2133611E+00  0.2267888E+00
  0.8936609E-01 -0.1689068E+00  0.1822553E+00 -0.2244030E+00  0.2377515E+00 -0.3438497E+00  0.3571982E+00 -0.2127323E+00  0.2260807E+00
  0.8909412E-01 -0.1684121E+00  0.1816813E+00 -0.2237394E+00  0.2370086E+00 -0.3428226E+00  0.3560918E+00 -0.2121042E+00  0.2253734E+00
  0.8882245E-01 -0.1679180E+00  0.1811079E+00 -0.2230766E+00  0.2362665E+00 -0.3417966E+00  0.3549866E+00 -0.2114768E+00  0.2246667E+00
  0.8855108E-01 -0.1674244E+00  0.1805351E+00 -0.2224145E+00  0.2355252E+00 -0.3407718E+00  0.3538825E+00 -0.2108502E+00  0.2239608E+00
  0.8828000E-01 -0.1669315E+00  0.1799629E+00 -0.2217532E+00  0.2347846E+00 -0.3397482E+00  0.3527796E+00 -0.2102243E+00  0.2232557E+00
  0.8800923E-01 -0.1664391E+00  0.1793913E+00 -0.2210927E+00  0.2340449E+00 -0.3387258E+00  0.3516780E+00 -0.2095991E+00  0.2225513E+00
  0.8773877E-01 -0.1659473E+00  0.1788202E+00 -0.2204330E+00  0.2333059E+00 -0.3377046E+00  0.3505775E+00 -0.2089747E+00  0.2218476E+00
  0.8746862E-01 -0.1654562E+00  0.1782498E+00 -0.2197741E+00  0.2325677E+00 -0.3366846E+00  0.3494782E+00 -0.2083511E+00  0.2211447E+00
  0.8719878E-01 -0.1649657E+00  0.1776800E+00 -0.2191160E+00  0.2318304E+00 -0.3356658E+00  0.3483802E+00 -0.2077282E+00  0.2204426E+00
  0.8692926E-01 -0.1644757E+00  0.1771109E+00 -0.2184587E+00  0.2310938E+00 -0.3346483E+00  0.3472834E+00 -0.2071062E+00  0.2197413E+00
  0.8666006E-01 -0.1639865E+00  0.1765423E+00 -0.2178022E+00  0.2303581E+00 -0.3336320E+00  0.3461879E+00 -0.2064849E+00  0.2190407E+00
  0.8639118E-01 -0.1634978E+00  0.1759744E+00 -0.2171466E+00  0.2296232E+00 -0.3326170E+00  0.3450936E+00 -0.2058643E+00  0.2183409E+00
  0.8612262E-01 -0.1630098E+00  0.1754071E+00 -0.2164918E+00  0.2288892E+00 -0.3316033E+00  0.3440006E+00 -0.2052446E+00  0.2176420E+00
  0.8585439E-01 -0.1625224E+00  0.1748405E+00 -0.2158379E+00  0.2281560E+00 -0.3305908E+00  0.3429089E+00 -0.2046257E+00  0.2169438E+00
  0.8558650E-01 -0.1620357E+00  0.1742745E+00 -0.2151848E+00  0.2274236E+00 -0.3295797E+00  0.3418185E+00 -0.2040076E+00  0.2162465E+00
  0.8531893E-01 -0.1615497E+00  0.1737092E+00 -0.2145326E+00  0.2266922E+00 -0.3285698E+00  0.3407294E+00 -0.2033903E+00  0.2155499E+00
  0.8505171E-01 -0.1610643E+00  0.1731446E+00 -0.2138812E+00  0.2259616E+00 -0.3275613E+00  0.3396416E+00 -0.2027739E+00  0.2148542E+00
  0.8478482E-01 -0.1605795E+00  0.1725806E+00 -0.2132308E+00  0.2252318E+00 -0.3265541E+00  0.3385552E+00 -0.2021583E+00  0.2141593E+00
  0.8451828E-01 -0.1600955E+00  0.1720173E+00 -0.2125812E+00  0.2245030E+00 -0.3255483E+00  0.3374701E+00 -0.2015435E+00  0.2134653E+00
  0.8425209E-01 -0.1596121E+00  0.1714546E+00 -0.2119325E+00  0.2237751E+00 -0.3245438E+00  0.3363864E+00 -0.2009296E+00  0.2127721E+00
  0.8398624E-01 -0.1591294E+00  0.1708927E+00 -0.2112848E+00  0.2230480E+00 -0.3235407E+00  0.3353040E+00 -0.2003166E+00  0.2120798E+00
  0.8372075E-01 -0.1586474E+00  0.1703314E+00 -0.2106379E+00  0.2223219E+00 -0.3225390E+00  0.3342230E+00 -0.1997044E+00  0.2113884E+00
  0.8345562E-01 -0.1581661E+00  0.1697709E+00 -0.2099920E+00  0.2215967E+00 -0.3215387E+00  0.3331435E+00 -0.1990931E+00  0.2106978E+00
  0.8319085E-01 -0.1576856E+00  0.1692110E+00 -0.2093470E+00  0.2208724E+00 -0.3205398E+00  0.3320653E+00 -0.1984826E+00  0.2100081E+00
  0.8292644E-01 -0.1572057E+00  0.1686519E+00 -0.2087029E+00  0.2201491E+00 -0.3195423E+00  0.3309886E+00 -0.1978731E+00  0.2093193E+00
  0.8266240E-01 -0.1567265E+00  0.1680935E+00 -0.2080598E+00  0.2194268E+00 -0.3185463E+00  0.3299133E+00 -0.1972645E+00  0.2086314E+00
  0.8239872E-01 -0.1562481E+00  0.1675358E+00 -0.2074176E+00  0.2187053E+00 -0.3175517E+00  0.3288394E+00 -0.1966567E+00  0.2079445E+00
  0.8213543E-01 -0.1557705E+00  0.1669789E+00 -0.2067764E+00  0.2179849E+00 -0.3165586E+00  0.3277671E+00 -0.1960499E+00  0.2072584E+00
  0.8187251E-01 -0.1552935E+00  0.1664227E+00 -0.2061362E+00  0.2172654E+00 -0.3155670E+00  0.3266962E+00 -0.1954441E+00  0.2065733E+00
  0.8160997E-01 -0.1548173E+00  0.1658673E+00 -0.2054970E+00  0.2165469E+00 -0.3145769E+00  0.3256268E+00 -0.1948391E+00  0.2058891E+00
  0.8134782E-01 -0.1543419E+00  0.1653126E+00 -0.2048588E+00  0.2158295E+00 -0.3135882E+00  0.3245589E+00 -0.1942352E+00  0.2052058E+00
  0.8108606E-01 -0.1538672E+00  0.1647587E+00 -0.2042216E+00  0.2151130E+00 -0.3126012E+00  0.3234926E+00 -0.1936321E+00  0.2045235E+00
  0.8082469E-01 -0.1533933E+00  0.1642055E+00 -0.2035854E+00  0.2143975E+00 -0.3116156E+00  0.3224278E+00 -0.1930301E+00  0.2038422E+00
  0.8056372E-01 -0.1529202E+00  0.1636531E+00 -0.2029502E+00  0.2136831E+00 -0.3106316E+00  0.3213645E+00 -0.1924290E+00  0.2031619E+00
  0.8030315E-01 -0.1524479E+00  0.1631015E+00 -0.2023161E+00  0.2129697E+00 -0.3096492E+00  0.3203028E+00 -0.1918288E+00  0.2024825E+00
  0.8004298E-01 -0.1519764E+00  0.1625508E+00 -0.2016830E+00  0.2122573E+00 -0.3086684E+00  0.3192427E+00 -0.1912297E+00  0.2018041E+00
  0.7978322E-01 -0.1515057E+00  0.1620008E+00 -0.2010509E+00  0.2115460E+00 -0.3076891E+00  0.3181843E+00 -0.1906316E+00  0.2011267E+00
  0.7952388E-01 -0.1510357E+00  0.1614516E+00 -0.2004200E+00  0.2108358E+00 -0.3067115E+00  0.3171274E+00 -0.1900345E+00  0.2004504E+00
  0.7926495E-01 -0.1505666E+00  0.1609032E+00 -0.1997901E+00  0.2101267E+00 -0.3057356E+00  0.3160722E+00 -0.1894384E+00  0.1997750E+00
  0.7900644E-01 -0.1500984E+00  0.1603557E+00 -0.1991613E+00  0.2094186E+00 -0.3047612E+00  0.3150186E+00 -0.1888434E+00  0.1991007E+00
  0.7874836E-01 -0.1496309E+00  0.1598090E+00 -0.1985335E+00  0.2087116E+00 -0.3037886E+00  0.3139666E+00 -0.1882494E+00  0.1984275E+00
  0.7849070E-01 -0.1491643E+00  0.1592632E+00 -0.1979070E+00  0.2080058E+00 -0.3028176E+00  0.3129164E+00 -0.1876564E+00  0.1977553E+00
  0.7823348E-01 -0.1486986E+00  0.1587182E+00 -0.1972815E+00  0.2073010E+00 -0.3018483E+00  0.3118679E+00 -0.1870646E+00  0.1970841E+00
  0.7797670E-01 -0.1482337E+00  0.1581740E+00 -0.1966571E+00  0.2065974E+00 -0.3008807E+00  0.3108210E+00 -0.1864737E+00  0.1964140E+00
  0.7772036E-01 -0.1477697E+00  0.1576307E+00 -0.1960339E+00  0.2058950E+00 -0.2999149E+00  0.3097760E+00 -0.1858840E+00  0.1957451E+00
  0.7746446E-01 -0.1473066E+00  0.1570883E+00 -0.1954119E+00  0.2051937E+00 -0.2989508E+00  0.3087326E+00 -0.1852954E+00  0.1950772E+00
  0.7720901E-01 -0.1468443E+00  0.1565468E+00 -0.1947910E+00  0.2044935E+00 -0.2979885E+00  0.3076910E+00 -0.1847079E+00  0.1944104E+00
  0.7695402E-01 -0.1463829E+00  0.1560062E+00 -0.1941713E+00  0.2037945E+00 -0.2970280E+00  0.3066513E+00 -0.1841215E+00  0.1937447E+00
  0.7669949E-01 -0.1459225E+00  0.1554665E+00 -0.1935528E+00  0.2030968E+00 -0.2960693E+00  0.3056133E+00 -0.1835362E+00  0.1930802E+00
  0.7644543E-01 -0.1454629E+00  0.1549277E+00 -0.1929354E+00  0.2024002E+00 -0.2951124E+00  0.3045771E+00 -0.1829520E+00  0.1924168E+00
  0.7619183E-01 -0.1450043E+00  0.1543898E+00 -0.1923193E+00  0.2017048E+00 -0.2941573E+00  0.3035428E+00 -0.1823691E+00  0.1917545E+00
  0.7593871E-01 -0.1445466E+00  0.1538529E+00 -0.1917045E+00  0.2010107E+00 -0.2932041E+00  0.3025103E+00 -0.1817872E+00  0.1910935E+00
  0.7568606E-01 -0.1440899E+00  0.1533168E+00 -0.1910908E+00  0.2003178E+00 -0.2922528E+00  0.3014797E+00 -0.1812066E+00  0.1904335E+00
  0.7543390E-01 -0.1436341E+00  0.1527818E+00 -0.1904784E+00  0.1996261E+00 -0.2913033E+00  0.3004510E+00 -0.1806271E+00  0.1897748E+00
  0.7518223E-01 -0.1431792E+00  0.1522477E+00 -0.1898673E+00  0.1989357E+00 -0.2903558E+00  0.2994243E+00 -0.1800489E+00  0.1891173E+00
  0.7493105E-01 -0.1427254E+00  0.1517145E+00 -0.1892574E+00  0.1982466E+00 -0.2894102E+00  0.2983994E+00 -0.1794718E+00  0.1884610E+00
  0.7468037E-01 -0.1422725E+00  0.1511824E+00 -0.1886489E+00  0.1975588E+00 -0.2884666E+00  0.2973765E+00 -0.1788960E+00  0.1878059E+00
  0.7443019E-01 -0.1418206E+00  0.1506512E+00 -0.1880416E+00  0.1968723E+00 -0.2875250E+00  0.2963556E+00 -0.1783214E+00  0.1871520E+00
  0.7418052E-01 -0.1413696E+00  0.1501211E+00 -0.1874356E+00  0.1961871E+00 -0.2865853E+00  0.2953367E+00 -0.1777480E+00  0.1864994E+00
  0.7393136E-01 -0.1409197E+00  0.1495919E+00 -0.1868310E+00  0.1955032E+00 -0.2856476E+00  0.2943198E+00 -0.1771759E+00  0.1858481E+00
  0.7368272E-01 -0.1404709E+00  0.1490638E+00 -0.1862277E+00  0.1948206E+00 -0.2847120E+00  0.2933049E+00 -0.1766051E+00  0.1851980E+00
  0.7343460E-01 -0.1400230E+00  0.1485366E+00 -0.1856258E+00  0.1941394E+00 -0.2837785E+00  0.2922921E+00 -0.1760356E+00  0.1845492E+00
  0.7318702E-01 -0.1395762E+00  0.1480106E+00 -0.1850252E+00  0.1934596E+00 -0.2828470E+00  0.2912813E+00 -0.1754674E+00  0.1839017E+00
  0.7293996E-01 -0.1391304E+00  0.1474855E+00 -0.1844261E+00  0.1927812E+00 -0.2819176E+00  0.2902727E+00 -0.1749004E+00  0.1832555E+00
  0.7269345E-01 -0.1386857E+00  0.1469616E+00 -0.1838283E+00  0.1921041E+00 -0.2809903E+00  0.2892661E+00 -0.1743348E+00  0.1826107E+00
  0.7244748E-01 -0.1382421E+00  0.1464387E+00 -0.1832319E+00  0.1914285E+00 -0.2800652E+00  0.2882617E+00 -0.1737706E+00  0.1819672E+00
  0.7220207E-01 -0.1377996E+00  0.1459169E+00 -0.1826369E+00  0.1907543E+00 -0.2791422E+00  0.2872595E+00 -0.1732077E+00  0.1813250E+00
  0.7195721E-01 -0.1373581E+00  0.1453962E+00 -0.1820434E+00  0.1900815E+00 -0.2782214E+00  0.2862595E+00 -0.1726462E+00  0.1806842E+00
  0.7171291E-01 -0.1369177E+00  0.1448766E+00 -0.1814514E+00  0.1894102E+00 -0.2773028E+00  0.2852616E+00 -0.1720860E+00  0.1800448E+00
  0.7146918E-01 -0.1364785E+00  0.1443581E+00 -0.1808608E+00  0.1887403E+00 -0.2763864E+00  0.2842660E+00 -0.1715272E+00  0.1794068E+00
  0.7122603E-01 -0.1360404E+00  0.1438407E+00 -0.1802717E+00  0.1880720E+00 -0.2754723E+00  0.2832726E+00 -0.1709699E+00  0.1787702E+00
  0.7098345E-01 -0.1356034E+00  0.1433245E+00 -0.1796841E+00  0.1874051E+00 -0.2745605E+00  0.2822815E+00 -0.1704140E+00  0.1781350E+00
  0.7074146E-01 -0.1351676E+00  0.1428094E+00 -0.1790980E+00  0.1867397E+00 -0.2736510E+00  0.2812927E+00 -0.1698595E+00  0.1775012E+00
  0.7050006E-01 -0.1347330E+00  0.1422955E+00 -0.1785134E+00  0.1860759E+00 -0.2727438E+00  0.2803063E+00 -0.1693064E+00  0.1768689E+00
  0.7025926E-01 -0.1342995E+00  0.1417827E+00 -0.1779304E+00  0.1854136E+00 -0.2718389E+00  0.2793221E+00 -0.1687549E+00  0.1762381E+00
  0.7001907E-01 -0.1338672E+00  0.1412712E+00 -0.1773489E+00  0.1847529E+00 -0.2709364E+00  0.2783404E+00 -0.1682048E+00  0.1756088E+00
  0.6977948E-01 -0.1334361E+00  0.1407608E+00 -0.1767691E+00  0.1840938E+00 -0.2700363E+00  0.2773610E+00 -0.1676562E+00  0.1749809E+00
  0.6954051E-01 -0.1330062E+00  0.1402517E+00 -0.1761908E+00  0.1834363E+00 -0.2691386E+00  0.2763841E+00 -0.1671091E+00  0.1743546E+00
  0.6930217E-01 -0.1325776E+00  0.1397438E+00 -0.1756141E+00  0.1827803E+00 -0.2682434E+00  0.2754096E+00 -0.1665636E+00  0.1737298E+00
  0.6906445E-01 -0.1321501E+00  0.1392371E+00 -0.1750391E+00  0.1821260E+00 -0.2673506E+00  0.2744375E+00 -0.1660196E+00  0.1731065E+00
  0.6882737E-01 -0.1317240E+00  0.1387317E+00 -0.1744657E+00  0.1814734E+00 -0.2664603E+00  0.2734680E+00 -0.1654771E+00  0.1724848E+00
  0.6859093E-01 -0.1312991E+00  0.1382275E+00 -0.1738939E+00  0.1808224E+00 -0.2655725E+00  0.2725010E+00 -0.1649363E+00  0.1718647E+00
  0.6835514E-01 -0.1308754E+00  0.1377246E+00 -0.1733239E+00  0.1801730E+00 -0.2646873E+00  0.2715365E+00 -0.1643970E+00  0.1712462E+00
  0.6812001E-01 -0.1304531E+00  0.1372230E+00 -0.1727555E+00  0.1795254E+00 -0.2638047E+00  0.2705746E+00 -0.1638594E+00  0.1706293E+00
  0.6788554E-01 -0.1300320E+00  0.1367227E+00 -0.1721889E+00  0.1788795E+00 -0.2629246E+00  0.2696153E+00 -0.1633233E+00  0.1700140E+00
  0.6765174E-01 -0.1296123E+00  0.1362237E+00 -0.1716239E+00  0.1782353E+00 -0.2620472E+00  0.2686586E+00 -0.1627890E+00  0.1694003E+00
  0.6741861E-01 -0.1291939E+00  0.1357260E+00 -0.1710608E+00  0.1775929E+00 -0.2611725E+00  0.2677046E+00 -0.1622562E+00  0.1687884E+00
  0.6718617E-01 -0.1287769E+00  0.1352297E+00 -0.1704994E+00  0.1769523E+00 -0.2603004E+00  0.2667533E+00 -0.1617252E+00  0.1681781E+00
  0.6695442E-01 -0.1283612E+00  0.1347348E+00 -0.1699398E+00  0.1763134E+00 -0.2594310E+00  0.2658046E+00 -0.1611958E+00  0.1675695E+00
  0.6672337E-01 -0.1279468E+00  0.1342412E+00 -0.1693820E+00  0.1756763E+00 -0.2585644E+00  0.2648587E+00 -0.1606682E+00  0.1669626E+00
  0.6649303E-01 -0.1275339E+00  0.1337490E+00 -0.1688260E+00  0.1750411E+00 -0.2577005E+00  0.2639156E+00 -0.1601423E+00  0.1663574E+00
  0.6626339E-01 -0.1271224E+00  0.1332582E+00 -0.1682718E+00  0.1744077E+00 -0.2568395E+00  0.2629753E+00 -0.1596181E+00  0.1657540E+00
  0.6603448E-01 -0.1267122E+00  0.1327688E+00 -0.1677196E+00  0.1737761E+00 -0.2559812E+00  0.2620378E+00 -0.1590958E+00  0.1651523E+00
  0.6580629E-01 -0.1263035E+00  0.1322809E+00 -0.1671692E+00  0.1731465E+00 -0.2551258E+00  0.2611031E+00 -0.1585752E+00  0.1645525E+00
  0.6557884E-01 -0.1258963E+00  0.1317943E+00 -0.1666207E+00  0.1725187E+00 -0.2542733E+00  0.2601714E+00 -0.1580564E+00  0.1639544E+00
  0.6535214E-01 -0.1254905E+00  0.1313093E+00 -0.1660741E+00  0.1718929E+00 -0.2534237E+00  0.2592425E+00 -0.1575394E+00  0.1633582E+00
  0.6512618E-01 -0.1250862E+00  0.1308257E+00 -0.1655294E+00  0.1712690E+00 -0.2525771E+00  0.2583166E+00 -0.1570243E+00  0.1627638E+00
  0.6490098E-01 -0.1246833E+00  0.1303436E+00 -0.1649868E+00  0.1706470E+00 -0.2517334E+00  0.2573937E+00 -0.1565110E+00  0.1621713E+00
  0.6467655E-01 -0.1242820E+00  0.1298630E+00 -0.1644461E+00  0.1700271E+00 -0.2508927E+00  0.2564737E+00 -0.1559996E+00  0.1615806E+00
  0.6445289E-01 -0.1238822E+00  0.1293840E+00 -0.1639074E+00  0.1694091E+00 -0.2500551E+00  0.2555568E+00 -0.1554901E+00  0.1609919E+00
  0.6423001E-01 -0.1234840E+00  0.1289065E+00 -0.1633707E+00  0.1687932E+00 -0.2492205E+00  0.2546430E+00 -0.1549826E+00  0.1604051E+00
  0.6400793E-01 -0.1230873E+00  0.1284305E+00 -0.1628361E+00  0.1681793E+00 -0.2483891E+00  0.2537323E+00 -0.1544770E+00  0.1598202E+00
  0.6378664E-01 -0.1226921E+00  0.1279561E+00 -0.1623035E+00  0.1675675E+00 -0.2475607E+00  0.2528247E+00 -0.1539733E+00  0.1592373E+00
  0.6356617E-01 -0.1222986E+00  0.1274833E+00 -0.1617731E+00  0.1669578E+00 -0.2467356E+00  0.2519203E+00 -0.1534716E+00  0.1586563E+00
  0.6334650E-01 -0.1219066E+00  0.1270121E+00 -0.1612447E+00  0.1663502E+00 -0.2459136E+00  0.2510191E+00 -0.1529720E+00  0.1580774E+00
  0.6312766E-01 -0.1215163E+00  0.1265425E+00 -0.1607185E+00  0.1657447E+00 -0.2450949E+00  0.2501211E+00 -0.1524743E+00  0.1575005E+00
  0.6290966E-01 -0.1211276E+00  0.1260745E+00 -0.1601944E+00  0.1651413E+00 -0.2442794E+00  0.2492264E+00 -0.1519787E+00  0.1569256E+00
  0.6269249E-01 -0.1207405E+00  0.1256082E+00 -0.1596725E+00  0.1645402E+00 -0.2434673E+00  0.2483349E+00 -0.1514852E+00  0.1563528E+00
  0.6247618E-01 -0.1203552E+00  0.1251436E+00 -0.1591528E+00  0.1639412E+00 -0.2426584E+00  0.2474468E+00 -0.1509937E+00  0.1557821E+00
  0.6226072E-01 -0.1199715E+00  0.1246807E+00 -0.1586353E+00  0.1633445E+00 -0.2418530E+00  0.2465621E+00 -0.1505044E+00  0.1552135E+00
  0.6204614E-01 -0.1195895E+00  0.1242194E+00 -0.1581201E+00  0.1627500E+00 -0.2410509E+00  0.2456808E+00 -0.1500171E+00  0.1546471E+00
  0.6183243E-01 -0.1192093E+00  0.1237599E+00 -0.1576071E+00  0.1621578E+00 -0.2402523E+00  0.2448029E+00 -0.1495321E+00  0.1540827E+00
  0.6161960E-01 -0.1188307E+00  0.1233021E+00 -0.1570964E+00  0.1615678E+00 -0.2394572E+00  0.2439285E+00 -0.1490492E+00  0.1535206E+00
  0.6140767E-01 -0.1184540E+00  0.1228461E+00 -0.1565881E+00  0.1609802E+00 -0.2386655E+00  0.2430577E+00 -0.1485685E+00  0.1529606E+00
  0.6119665E-01 -0.1180790E+00  0.1223919E+00 -0.1560820E+00  0.1603949E+00 -0.2378775E+00  0.2421903E+00 -0.1480901E+00  0.1524029E+00
  0.6098654E-01 -0.1177058E+00  0.1219394E+00 -0.1555784E+00  0.1598120E+00 -0.2370930E+00  0.2413266E+00 -0.1476138E+00  0.1518474E+00
  0.6077736E-01 -0.1173345E+00  0.1214888E+00 -0.1550771E+00  0.1592315E+00 -0.2363121E+00  0.2404665E+00 -0.1471399E+00  0.1512942E+00
  0.6056910E-01 -0.1169649E+00  0.1210400E+00 -0.1545783E+00  0.1586534E+00 -0.2355349E+00  0.2396100E+00 -0.1466682E+00  0.1507433E+00
  0.6036179E-01 -0.1165973E+00  0.1205931E+00 -0.1540818E+00  0.1580777E+00 -0.2347614E+00  0.2387572E+00 -0.1461989E+00  0.1501947E+00
  0.6015544E-01 -0.1162314E+00  0.1201480E+00 -0.1535879E+00  0.1575045E+00 -0.2339916E+00  0.2379082E+00 -0.1457319E+00  0.1496484E+00
  0.5995004E-01 -0.1158675E+00  0.1197048E+00 -0.1530964E+00  0.1569337E+00 -0.2332256E+00  0.2370629E+00 -0.1452672E+00  0.1491045E+00
  0.5974562E-01 -0.1155055E+00  0.1192636E+00 -0.1526075E+00  0.1563655E+00 -0.2324634E+00  0.2362215E+00 -0.1448050E+00  0.1485630E+00
  0.5954218E-01 -0.1151454E+00  0.1188242E+00 -0.1521211E+00  0.1557998E+00 -0.2317051E+00  0.2353839E+00 -0.1443451E+00  0.1480239E+00
  0.5933973E-01 -0.1147873E+00  0.1183868E+00 -0.1516372E+00  0.1552367E+00 -0.2309507E+00  0.2345502E+00 -0.1438877E+00  0.1474873E+00
  0.5913829E-01 -0.1144312E+00  0.1179514E+00 -0.1511560E+00  0.1546762E+00 -0.2302002E+00  0.2337204E+00 -0.1434328E+00  0.1469530E+00
  0.5893785E-01 -0.1140770E+00  0.1175180E+00 -0.1506773E+00  0.1541183E+00 -0.2294536E+00  0.2328946E+00 -0.1429803E+00  0.1464213E+00
  0.5873845E-01 -0.1137248E+00  0.1170866E+00 -0.1502013E+00  0.1535631E+00 -0.2287111E+00  0.2320729E+00 -0.1425304E+00  0.1458921E+00
  0.5854007E-01 -0.1133747E+00  0.1166572E+00 -0.1497280E+00  0.1530105E+00 -0.2279727E+00  0.2312551E+00 -0.1420830E+00  0.1453655E+00
  0.5834274E-01 -0.1130266E+00  0.1162299E+00 -0.1492574E+00  0.1524606E+00 -0.2272383E+00  0.2304415E+00 -0.1416381E+00  0.1448414E+00
  0.5814647E-01 -0.1126806E+00  0.1158046E+00 -0.1487895E+00  0.1519135E+00 -0.2265081E+00  0.2296320E+00 -0.1411959E+00  0.1443198E+00
  0.5795126E-01 -0.1123367E+00  0.1153814E+00 -0.1483244E+00  0.1513691E+00 -0.2257820E+00  0.2288267E+00 -0.1407562E+00  0.1438009E+00
  0.5775712E-01 -0.1119949E+00  0.1149604E+00 -0.1478620E+00  0.1508275E+00 -0.2250602E+00  0.2280256E+00 -0.1403192E+00  0.1432847E+00
  0.5756408E-01 -0.1116553E+00  0.1145415E+00 -0.1474025E+00  0.1502887E+00 -0.2243426E+00  0.2272288E+00 -0.1398849E+00  0.1427711E+00
  0.5737213E-01 -0.1113178E+00  0.1141247E+00 -0.1469458E+00  0.1497527E+00 -0.2236294E+00  0.2264363E+00 -0.1394533E+00  0.1422602E+00
  0.5718129E-01 -0.1109825E+00  0.1137101E+00 -0.1464920E+00  0.1492196E+00 -0.2229205E+00  0.2256481E+00 -0.1390244E+00  0.1417520E+00
  0.5699157E-01 -0.1106494E+00  0.1132978E+00 -0.1460410E+00  0.1486895E+00 -0.2222160E+00  0.2248644E+00 -0.1385982E+00  0.1412466E+00
  0.5680299E-01 -0.1103185E+00  0.1128876E+00 -0.1455930E+00  0.1481622E+00 -0.2215159E+00  0.2240850E+00 -0.1381748E+00  0.1407440E+00
  0.5661554E-01 -0.1099898E+00  0.1124797E+00 -0.1451480E+00  0.1476379E+00 -0.2208203E+00  0.2233102E+00 -0.1377543E+00  0.1402442E+00
  0.5642926E-01 -0.1096634E+00  0.1120741E+00 -0.1447059E+00  0.1471166E+00 -0.2201292E+00  0.2225399E+00 -0.1373365E+00  0.1397472E+00
  0.5624413E-01 -0.1093394E+00  0.1116707E+00 -0.1442669E+00  0.1465983E+00 -0.2194428E+00  0.2217741E+00 -0.1369217E+00  0.1392530E+00
  0.5606019E-01 -0.1090176E+00  0.1112697E+00 -0.1438309E+00  0.1460830E+00 -0.2187609E+00  0.2210130E+00 -0.1365097E+00  0.1387618E+00
  0.5587743E-01 -0.1086981E+00  0.1108710E+00 -0.1433980E+00  0.1455708E+00 -0.2180837E+00  0.2202566E+00 -0.1361006E+00  0.1382735E+00
  0.5569588E-01 -0.1083811E+00  0.1104747E+00 -0.1429681E+00  0.1450617E+00 -0.2174112E+00  0.2195048E+00 -0.1356945E+00  0.1377881E+00
  0.5551553E-01 -0.1080664E+00  0.1100807E+00 -0.1425414E+00  0.1445558E+00 -0.2167435E+00  0.2187578E+00 -0.1352914E+00  0.1373057E+00
  0.5533642E-01 -0.1077541E+00  0.1096892E+00 -0.1421179E+00  0.1440530E+00 -0.2160805E+00  0.2180156E+00 -0.1348912E+00  0.1368263E+00
  0.5515854E-01 -0.1074442E+00  0.1093000E+00 -0.1416976E+00  0.1435534E+00 -0.2154225E+00  0.2172783E+00 -0.1344942E+00  0.1363500E+00
  0.5498190E-01 -0.1071368E+00  0.1089134E+00 -0.1412805E+00  0.1430571E+00 -0.2147693E+00  0.2165458E+00 -0.1341001E+00  0.1358767E+00
  0.5480653E-01 -0.1068319E+00  0.1085292E+00 -0.1408667E+00  0.1425640E+00 -0.2141210E+00  0.2158183E+00 -0.1337092E+00  0.1354065E+00
  0.5463243E-01 -0.1065294E+00  0.1081475E+00 -0.1404561E+00  0.1420741E+00 -0.2134778E+00  0.2150958E+00 -0.1333214E+00  0.1349394E+00
  0.5445961E-01 -0.1062295E+00  0.1077683E+00 -0.1400489E+00  0.1415877E+00 -0.2128396E+00  0.2143784E+00 -0.1329367E+00  0.1344755E+00
  0.5428810E-01 -0.1059322E+00  0.1073917E+00 -0.1396450E+00  0.1411045E+00 -0.2122065E+00  0.2136660E+00 -0.1325552E+00  0.1340148E+00
  0.5411789E-01 -0.1056374E+00  0.1070177E+00 -0.1392445E+00  0.1406248E+00 -0.2115785E+00  0.2129587E+00 -0.1321770E+00  0.1335573E+00
  0.5394900E-01 -0.1053452E+00  0.1066462E+00 -0.1388475E+00  0.1401485E+00 -0.2109557E+00  0.2122567E+00 -0.1318020E+00  0.1331030E+00
  0.5378145E-01 -0.1050556E+00  0.1062774E+00 -0.1384538E+00  0.1396756E+00 -0.2103381E+00  0.2115598E+00 -0.1314302E+00  0.1326520E+00
  0.5361524E-01 -0.1047687E+00  0.1059112E+00 -0.1380637E+00  0.1392062E+00 -0.2097258E+00  0.2108683E+00 -0.1310618E+00  0.1322043E+00
  0.5345040E-01 -0.1044845E+00  0.1055477E+00 -0.1376771E+00  0.1387403E+00 -0.2091189E+00  0.2101821E+00 -0.1306967E+00  0.1317599E+00
  0.5328692E-01 -0.1042029E+00  0.1051869E+00 -0.1372940E+00  0.1382780E+00 -0.2085173E+00  0.2095013E+00 -0.1303350E+00  0.1313190E+00
  0.5312483E-01 -0.1039241E+00  0.1048288E+00 -0.1369145E+00  0.1378192E+00 -0.2079212E+00  0.2088259E+00 -0.1299767E+00  0.1308814E+00
  0.5296414E-01 -0.1036480E+00  0.1044734E+00 -0.1365386E+00  0.1373641E+00 -0.2073305E+00  0.2081559E+00 -0.1296218E+00  0.1304472E+00
  0.5280486E-01 -0.1033747E+00  0.1041209E+00 -0.1361664E+00  0.1369126E+00 -0.2067454E+00  0.2074915E+00 -0.1292704E+00  0.1300165E+00
  0.5264700E-01 -0.1031041E+00  0.1037711E+00 -0.1357979E+00  0.1364648E+00 -0.2061658E+00  0.2068327E+00 -0.1289224E+00  0.1295893E+00
  0.5249057E-01 -0.1028364E+00  0.1034241E+00 -0.1354330E+00  0.1360207E+00 -0.2055919E+00  0.2061796E+00 -0.1285780E+00  0.1291657E+00
  0.5233560E-01 -0.1025716E+00  0.1030800E+00 -0.1350719E+00  0.1355803E+00 -0.2050237E+00  0.2055321E+00 -0.1282371E+00  0.1287455E+00
  0.5218208E-01 -0.1023096E+00  0.1027387E+00 -0.1347146E+00  0.1351437E+00 -0.2044612E+00  0.2048903E+00 -0.1278999E+00  0.1283290E+00
  0.5203005E-01 -0.1020505E+00  0.1024004E+00 -0.1343611E+00  0.1347110E+00 -0.2039044E+00  0.2042543E+00 -0.1275662E+00  0.1279161E+00
  0.5187949E-01 -0.1017944E+00  0.1020650E+00 -0.1340114E+00  0.1342821E+00 -0.2033536E+00  0.2036242E+00 -0.1272362E+00  0.1275069E+00
  0.5173044E-01 -0.1015411E+00  0.1017325E+00 -0.1336657E+00  0.1338570E+00 -0.2028086E+00  0.2029999E+00 -0.1269099E+00  0.1271013E+00
  0.5158290E-01 -0.1012909E+00  0.1014030E+00 -0.1333238E+00  0.1334359E+00 -0.2022695E+00  0.2023816E+00 -0.1265873E+00  0.1266994E+00
  0.5143689E-01 -0.1010436E+00  0.1010765E+00 -0.1329859E+00  0.1330187E+00 -0.2017364E+00  0.2017693E+00 -0.1262685E+00  0.1263013E+00
  0.5129242E-01 -0.1007994E+00  0.1007530E+00 -0.1326519E+00  0.1326055E+00 -0.2012094E+00  0.2011630E+00 -0.1259534E+00  0.1259070E+00
  0.5114950E-01 -0.1005583E+00  0.1004326E+00 -0.1323220E+00  0.1321963E+00 -0.2006884E+00  0.2005627E+00 -0.1256421E+00  0.1255165E+00
  0.5100815E-01 -0.1003202E+00  0.1001152E+00 -0.1319961E+00  0.1317912E+00 -0.2001736E+00  0.1999687E+00 -0.1253347E+00  0.1251298E+00
  0.5086837E-01 -0.1000852E+00  0.9980097E-01 -0.1316744E+00  0.1313902E+00 -0.1996650E+00  0.1993808E+00 -0.1250312E+00  0.1247470E+00
  0.5073019E-01 -0.9985330E-01  0.9948985E-01 -0.1313567E+00  0.1309932E+00 -0.1991626E+00  0.1987992E+00 -0.1247316E+00  0.1243681E+00
  0.5059361E-01 -0.9962459E-01  0.9918188E-01 -0.1310432E+00  0.1306004E+00 -0.1986665E+00  0.1982238E+00 -0.1244359E+00  0.1239932E+00
  0.5045865E-01 -0.9939906E-01  0.9887708E-01 -0.1307338E+00  0.1302118E+00 -0.1981768E+00  0.1976548E+00 -0.1241441E+00  0.1236222E+00
  0.5032531E-01 -0.9917673E-01  0.9857549E-01 -0.1304287E+00  0.1298274E+00 -0.1976935E+00  0.1970922E+00 -0.1238564E+00  0.1232552E+00
  0.5019363E-01 -0.9895762E-01  0.9827713E-01 -0.1301278E+00  0.1294473E+00 -0.1972166E+00  0.1965361E+00 -0.1235728E+00  0.1228923E+00
  0.5006360E-01 -0.9874178E-01  0.9798203E-01 -0.1298312E+00  0.1290715E+00 -0.1967462E+00  0.1959864E+00 -0.1232931E+00  0.1225334E+00
  0.4993524E-01 -0.9852921E-01  0.9769020E-01 -0.1295389E+00  0.1286999E+00 -0.1962823E+00  0.1954433E+00 -0.1230176E+00  0.1221786E+00
  0.4980856E-01 -0.9831995E-01  0.9740168E-01 -0.1292510E+00  0.1283327E+00 -0.1958251E+00  0.1949068E+00 -0.1227462E+00  0.1218280E+00
  0.4968358E-01 -0.9811403E-01  0.9711649E-01 -0.1289675E+00  0.1279699E+00 -0.1953745E+00  0.1943770E+00 -0.1224790E+00  0.1214815E+00
  0.4956030E-01 -0.9791145E-01  0.9683466E-01 -0.1286883E+00  0.1276115E+00 -0.1949306E+00  0.1938538E+00 -0.1222160E+00  0.1211392E+00
  0.4943875E-01 -0.9771226E-01  0.9655621E-01 -0.1284137E+00  0.1272576E+00 -0.1944935E+00  0.1933374E+00 -0.1219572E+00  0.1208011E+00
  0.4931893E-01 -0.9751648E-01  0.9628117E-01 -0.1281435E+00  0.1269082E+00 -0.1940631E+00  0.1928278E+00 -0.1217026E+00  0.1204673E+00
  0.4920086E-01 -0.9732412E-01  0.9600955E-01 -0.1278778E+00  0.1265632E+00 -0.1936396E+00  0.1923251E+00 -0.1214524E+00  0.1201378E+00
  0.4908454E-01 -0.9713523E-01  0.9574140E-01 -0.1276167E+00  0.1262228E+00 -0.1932230E+00  0.1918292E+00 -0.1212065E+00  0.1198126E+00
  0.4897000E-01 -0.9694981E-01  0.9547672E-01 -0.1273601E+00  0.1258870E+00 -0.1928134E+00  0.1913403E+00 -0.1209649E+00  0.1194918E+00
  0.4885724E-01 -0.9676790E-01  0.9521555E-01 -0.1271082E+00  0.1255558E+00 -0.1924107E+00  0.1908584E+00 -0.1207277E+00  0.1191753E+00
  0.4874628E-01 -0.9658952E-01  0.9495791E-01 -0.1268609E+00  0.1252293E+00 -0.1920151E+00  0.1903835E+00 -0.1204949E+00  0.1188632E+00
  0.4863712E-01 -0.9641469E-01  0.9470382E-01 -0.1266183E+00  0.1249074E+00 -0.1916266E+00  0.1899158E+00 -0.1202665E+00  0.1185556E+00
  0.4852979E-01 -0.9624344E-01  0.9445331E-01 -0.1263804E+00  0.1245902E+00 -0.1912453E+00  0.1894551E+00 -0.1200426E+00  0.1182525E+00
  0.4842429E-01 -0.9607579E-01  0.9420640E-01 -0.1261472E+00  0.1242778E+00 -0.1908711E+00  0.1890017E+00 -0.1198232E+00  0.1179538E+00
  0.4832064E-01 -0.9591176E-01  0.9396312E-01 -0.1259188E+00  0.1239702E+00 -0.1905042E+00  0.1885555E+00 -0.1196084E+00  0.1176597E+00
  0.4821884E-01 -0.9575139E-01  0.9372348E-01 -0.1256952E+00  0.1236673E+00 -0.1901445E+00  0.1881166E+00 -0.1193981E+00  0.1173702E+00
  0.4811891E-01 -0.9559468E-01  0.9348752E-01 -0.1254765E+00  0.1233693E+00 -0.1897922E+00  0.1876850E+00 -0.1191924E+00  0.1170852E+00
  0.4802086E-01 -0.9544167E-01  0.9325525E-01 -0.1252626E+00  0.1230761E+00 -0.1894472E+00  0.1872608E+00 -0.1189913E+00  0.1168048E+00
  0.4792470E-01 -0.9529238E-01  0.9302669E-01 -0.1250536E+00  0.1227879E+00 -0.1891097E+00  0.1868440E+00 -0.1187948E+00  0.1165291E+00
  0.4783045E-01 -0.9514683E-01  0.9280188E-01 -0.1248495E+00  0.1225045E+00 -0.1887796E+00  0.1864347E+00 -0.1186030E+00  0.1162581E+00
  0.4773811E-01 -0.9500503E-01  0.9258083E-01 -0.1246503E+00  0.1222261E+00 -0.1884571E+00  0.1860329E+00 -0.1184160E+00  0.1159918E+00
  0.4764770E-01 -0.9486702E-01  0.9236356E-01 -0.1244562E+00  0.1219527E+00 -0.1881421E+00  0.1856386E+00 -0.1182336E+00  0.1157302E+00
  0.4755922E-01 -0.9473282E-01  0.9215010E-01 -0.1242670E+00  0.1216843E+00 -0.1878347E+00  0.1852519E+00 -0.1180560E+00  0.1154733E+00
  0.4747269E-01 -0.9460244E-01  0.9194046E-01 -0.1240829E+00  0.1214209E+00 -0.1875349E+00  0.1848729E+00 -0.1178832E+00  0.1152212E+00
  0.4738812E-01 -0.9447591E-01  0.9173467E-01 -0.1239039E+00  0.1211626E+00 -0.1872428E+00  0.1845016E+00 -0.1177152E+00  0.1149740E+00
  0.4730552E-01 -0.9435325E-01  0.9153275E-01 -0.1237299E+00  0.1209094E+00 -0.1869585E+00  0.1841379E+00 -0.1175520E+00  0.1147315E+00
  0.4722490E-01 -0.9423448E-01  0.9133472E-01 -0.1235611E+00  0.1206613E+00 -0.1866819E+00  0.1837821E+00 -0.1173937E+00  0.1144940E+00
  0.4714626E-01 -0.9411961E-01  0.9114059E-01 -0.1233974E+00  0.1204184E+00 -0.1864131E+00  0.1834340E+00 -0.1172403E+00  0.1142613E+00
  0.4706963E-01 -0.9400868E-01  0.9095039E-01 -0.1232389E+00  0.1201806E+00 -0.1861521E+00  0.1830938E+00 -0.1170918E+00  0.1140335E+00
  0.4699500E-01 -0.9390169E-01  0.9076414E-01 -0.1230855E+00  0.1199480E+00 -0.1858990E+00  0.1827615E+00 -0.1169482E+00  0.1138107E+00
  0.4692240E-01 -0.9379866E-01  0.9058186E-01 -0.1229374E+00  0.1197206E+00 -0.1856539E+00  0.1824371E+00 -0.1168096E+00  0.1135928E+00
  0.4685182E-01 -0.9369962E-01  0.9040356E-01 -0.1227945E+00  0.1194985E+00 -0.1854167E+00  0.1821206E+00 -0.1166759E+00  0.1133799E+00
  0.4678327E-01 -0.9360458E-01  0.9022926E-01 -0.1226569E+00  0.1192816E+00 -0.1851874E+00  0.1818121E+00 -0.1165473E+00  0.1131719E+00
  0.4671678E-01 -0.9351357E-01  0.9005899E-01 -0.1225246E+00  0.1190700E+00 -0.1849662E+00  0.1815117E+00 -0.1164236E+00  0.1129691E+00
  0.4665234E-01 -0.9342659E-01  0.8989275E-01 -0.1223976E+00  0.1188638E+00 -0.1847531E+00  0.1812193E+00 -0.1163051E+00  0.1127712E+00
  0.4658996E-01 -0.9334366E-01  0.8973056E-01 -0.1222760E+00  0.1186629E+00 -0.1845481E+00  0.1809350E+00 -0.1161915E+00  0.1125784E+00
  0.4652965E-01 -0.9326480E-01  0.8957244E-01 -0.1221597E+00  0.1184673E+00 -0.1843512E+00  0.1806588E+00 -0.1160831E+00  0.1123907E+00
  0.4647143E-01 -0.9319003E-01  0.8941841E-01 -0.1220487E+00  0.1182771E+00 -0.1841624E+00  0.1803908E+00 -0.1159798E+00  0.1122082E+00
  0.4641529E-01 -0.9311936E-01  0.8926848E-01 -0.1219432E+00  0.1180923E+00 -0.1839818E+00  0.1801310E+00 -0.1158816E+00  0.1120307E+00
  0.4636124E-01 -0.9305281E-01  0.8912267E-01 -0.1218431E+00  0.1179129E+00 -0.1838095E+00  0.1798794E+00 -0.1157885E+00  0.1118584E+00
  0.4630930E-01 -0.9299039E-01  0.8898099E-01 -0.1217484E+00  0.1177390E+00 -0.1836454E+00  0.1796360E+00 -0.1157006E+00  0.1116912E+00
  0.4625947E-01 -0.9293211E-01  0.8884345E-01 -0.1216592E+00  0.1175705E+00 -0.1834896E+00  0.1794009E+00 -0.1156179E+00  0.1115293E+00
  0.4621175E-01 -0.9287799E-01  0.8871007E-01 -0.1215754E+00  0.1174075E+00 -0.1833420E+00  0.1791741E+00 -0.1155404E+00  0.1113725E+00
  0.4616616E-01 -0.9282804E-01  0.8858086E-01 -0.1214972E+00  0.1172500E+00 -0.1832028E+00  0.1789557E+00 -0.1154681E+00  0.1112209E+00
  0.4612270E-01 -0.9278228E-01  0.8845584E-01 -0.1214244E+00  0.1170980E+00 -0.1830720E+00  0.1787455E+00 -0.1154010E+00  0.1110746E+00
  0.4608137E-01 -0.9274071E-01  0.8833501E-01 -0.1213572E+00  0.1169515E+00 -0.1829495E+00  0.1785438E+00 -0.1153392E+00  0.1109335E+00
  0.4604218E-01 -0.9270334E-01  0.8821839E-01 -0.1212955E+00  0.1168105E+00 -0.1828354E+00  0.1783505E+00 -0.1152826E+00  0.1107976E+00
  0.4600514E-01 -0.9267020E-01  0.8810598E-01 -0.1212393E+00  0.1166751E+00 -0.1827298E+00  0.1781656E+00 -0.1152313E+00  0.1106671E+00
  0.4597025E-01 -0.9264128E-01  0.8799780E-01 -0.1211887E+00  0.1165453E+00 -0.1826326E+00  0.1779891E+00 -0.1151852E+00  0.1105418E+00
  0.4593752E-01 -0.9261660E-01  0.8789386E-01 -0.1211437E+00  0.1164210E+00 -0.1825438E+00  0.1778211E+00 -0.1151445E+00  0.1104218E+00
  0.4590694E-01 -0.9259616E-01  0.8779417E-01 -0.1211043E+00  0.1163023E+00 -0.1824635E+00  0.1776615E+00 -0.1151091E+00  0.1103071E+00
  0.4587854E-01 -0.9257998E-01  0.8769872E-01 -0.1210705E+00  0.1161892E+00 -0.1823917E+00  0.1775105E+00 -0.1150790E+00  0.1101977E+00
  0.4585230E-01 -0.9256806E-01  0.8760755E-01 -0.1210423E+00  0.1160818E+00 -0.1823284E+00  0.1773679E+00 -0.1150542E+00  0.1100937E+00
  0.4582824E-01 -0.9256041E-01  0.8752064E-01 -0.1210197E+00  0.1159799E+00 -0.1822737E+00  0.1772339E+00 -0.1150347E+00  0.1099950E+00
  0.4580635E-01 -0.9255704E-01  0.8743800E-01 -0.1210027E+00  0.1158837E+00 -0.1822275E+00  0.1771084E+00 -0.1150206E+00  0.1099016E+00
  0.4578664E-01 -0.9255795E-01  0.8735966E-01 -0.1209914E+00  0.1157931E+00 -0.1821898E+00  0.1769915E+00 -0.1150119E+00  0.1098136E+00
  0.4576912E-01 -0.9256315E-01  0.8728559E-01 -0.1209857E+00  0.1157082E+00 -0.1821607E+00  0.1768831E+00 -0.1150085E+00  0.1097309E+00
  0.4575378E-01 -0.9257264E-01  0.8721583E-01 -0.1209857E+00  0.1156289E+00 -0.1821401E+00  0.1767833E+00 -0.1150104E+00  0.1096536E+00
  0.4574063E-01 -0.9258643E-01  0.8715035E-01 -0.1209913E+00  0.1155552E+00 -0.1821282E+00  0.1766921E+00 -0.1150178E+00  0.1095817E+00
  0.4572966E-01 -0.9260452E-01  0.8708919E-01 -0.1210026E+00  0.1154872E+00 -0.1821248E+00  0.1766095E+00 -0.1150305E+00  0.1095152E+00
  0.4572089E-01 -0.9262691E-01  0.8703232E-01 -0.1210195E+00  0.1154249E+00 -0.1821300E+00  0.1765354E+00 -0.1150486E+00  0.1094540E+00
  0.4571431E-01 -0.9265361E-01  0.8697976E-01 -0.1210421E+00  0.1153683E+00 -0.1821439E+00  0.1764700E+00 -0.1150721E+00  0.1093982E+00
  0.4570992E-01 -0.9268462E-01  0.8693151E-01 -0.1210704E+00  0.1153173E+00 -0.1821663E+00  0.1764132E+00 -0.1151009E+00  0.1093478E+00
  0.4570773E-01 -0.9271994E-01  0.8688757E-01 -0.1211044E+00  0.1152720E+00 -0.1821973E+00  0.1763649E+00 -0.1151352E+00  0.1093028E+00
  0.4570773E-01 -0.9275957E-01  0.8684794E-01 -0.1211440E+00  0.1152324E+00 -0.1822369E+00  0.1763253E+00 -0.1151748E+00  0.1092632E+00
  0.4570992E-01 -0.9280351E-01  0.8681262E-01 -0.1211893E+00  0.1151984E+00 -0.1822852E+00  0.1762943E+00 -0.1152198E+00  0.1092289E+00
  0.4571431E-01 -0.9285176E-01  0.8678161E-01 -0.1212403E+00  0.1151701E+00 -0.1823420E+00  0.1762719E+00 -0.1152702E+00  0.1092001E+00
  0.4572089E-01 -0.9290432E-01  0.8675491E-01 -0.1212969E+00  0.1151475E+00 -0.1824074E+00  0.1762580E+00 -0.1153260E+00  0.1091766E+00
  0.4572966E-01 -0.9296119E-01  0.8673252E-01 -0.1213592E+00  0.1151306E+00 -0.1824815E+00  0.1762528E+00 -0.1153872E+00  0.1091585E+00
  0.4574063E-01 -0.9302235E-01  0.8671443E-01 -0.1214272E+00  0.1151193E+00 -0.1825641E+00  0.1762562E+00 -0.1154537E+00  0.1091458E+00
  0.4575378E-01 -0.9308783E-01  0.8670064E-01 -0.1215009E+00  0.1151137E+00 -0.1826553E+00  0.1762681E+00 -0.1155256E+00  0.1091384E+00
  0.4576912E-01 -0.9315759E-01  0.8669115E-01 -0.1215802E+00  0.1151137E+00 -0.1827551E+00  0.1762887E+00 -0.1156029E+00  0.1091365E+00
  0.4578664E-01 -0.9323166E-01  0.8668595E-01 -0.1216651E+00  0.1151194E+00 -0.1828635E+00  0.1763178E+00 -0.1156856E+00  0.1091399E+00
  0.4580635E-01 -0.9331000E-01  0.8668504E-01 -0.1217557E+00  0.1151307E+00 -0.1829804E+00  0.1763555E+00 -0.1157736E+00  0.1091486E+00
  0.4582824E-01 -0.9339264E-01  0.8668841E-01 -0.1218519E+00  0.1151477E+00 -0.1831059E+00  0.1764017E+00 -0.1158670E+00  0.1091627E+00
  0.4585230E-01 -0.9347955E-01  0.8669606E-01 -0.1219538E+00  0.1151703E+00 -0.1832399E+00  0.1764564E+00 -0.1159657E+00  0.1091822E+00
  0.4587854E-01 -0.9357072E-01  0.8670798E-01 -0.1220612E+00  0.1151985E+00 -0.1833825E+00  0.1765197E+00 -0.1160697E+00  0.1092070E+00
  0.4590694E-01 -0.9366617E-01  0.8672416E-01 -0.1221743E+00  0.1152323E+00 -0.1835335E+00  0.1765915E+00 -0.1161791E+00  0.1092371E+00
  0.4593752E-01 -0.9376586E-01  0.8674460E-01 -0.1222930E+00  0.1152717E+00 -0.1836931E+00  0.1766718E+00 -0.1162938E+00  0.1092725E+00
  0.4597025E-01 -0.9386980E-01  0.8676928E-01 -0.1224173E+00  0.1153167E+00 -0.1838611E+00  0.1767606E+00 -0.1164138E+00  0.1093132E+00
  0.4600514E-01 -0.9397798E-01  0.8679820E-01 -0.1225471E+00  0.1153673E+00 -0.1840376E+00  0.1768578E+00 -0.1165391E+00  0.1093593E+00
  0.4604218E-01 -0.9409039E-01  0.8683134E-01 -0.1226825E+00  0.1154235E+00 -0.1842225E+00  0.1769634E+00 -0.1166696E+00  0.1094106E+00
  0.4608137E-01 -0.9420701E-01  0.8686871E-01 -0.1228235E+00  0.1154852E+00 -0.1844158E+00  0.1770775E+00 -0.1168055E+00  0.1094672E+00
  0.4612270E-01 -0.9432784E-01  0.8691028E-01 -0.1229700E+00  0.1155524E+00 -0.1846175E+00  0.1772000E+00 -0.1169466E+00  0.1095290E+00
  0.4616616E-01 -0.9445286E-01  0.8695604E-01 -0.1231220E+00  0.1156252E+00 -0.1848277E+00  0.1773308E+00 -0.1170929E+00  0.1095961E+00
  0.4621175E-01 -0.9458207E-01  0.8700599E-01 -0.1232795E+00  0.1157034E+00 -0.1850461E+00  0.1774700E+00 -0.1172445E+00  0.1096684E+00
  0.4625947E-01 -0.9471545E-01  0.8706011E-01 -0.1234425E+00  0.1157872E+00 -0.1852729E+00  0.1776176E+00 -0.1174013E+00  0.1097459E+00
  0.4630930E-01 -0.9485299E-01  0.8711839E-01 -0.1236110E+00  0.1158764E+00 -0.1855080E+00  0.1777734E+00 -0.1175632E+00  0.1098286E+00
  0.4636124E-01 -0.9499467E-01  0.8718081E-01 -0.1237849E+00  0.1159711E+00 -0.1857514E+00  0.1779375E+00 -0.1177304E+00  0.1099165E+00
  0.4641529E-01 -0.9514048E-01  0.8724736E-01 -0.1239643E+00  0.1160712E+00 -0.1860030E+00  0.1781098E+00 -0.1179027E+00  0.1100096E+00
  0.4647143E-01 -0.9529041E-01  0.8731803E-01 -0.1241491E+00  0.1161767E+00 -0.1862628E+00  0.1782904E+00 -0.1180802E+00  0.1101078E+00
  0.4652965E-01 -0.9544444E-01  0.8739280E-01 -0.1243393E+00  0.1162877E+00 -0.1865308E+00  0.1784792E+00 -0.1182627E+00  0.1102111E+00
  0.4658996E-01 -0.9560256E-01  0.8747166E-01 -0.1245349E+00  0.1164040E+00 -0.1868070E+00  0.1786761E+00 -0.1184504E+00  0.1103195E+00
  0.4665234E-01 -0.9576475E-01  0.8755459E-01 -0.1247358E+00  0.1165256E+00 -0.1870913E+00  0.1788811E+00 -0.1186432E+00  0.1104331E+00
  0.4671678E-01 -0.9593099E-01  0.8764157E-01 -0.1249420E+00  0.1166526E+00 -0.1873837E+00  0.1790942E+00 -0.1188411E+00  0.1105516E+00
  0.4678327E-01 -0.9610126E-01  0.8773258E-01 -0.1251536E+00  0.1167849E+00 -0.1876841E+00  0.1793154E+00 -0.1190439E+00  0.1106753E+00
  0.4685182E-01 -0.9627556E-01  0.8782762E-01 -0.1253705E+00  0.1169225E+00 -0.1879926E+00  0.1795447E+00 -0.1192519E+00  0.1108039E+00
  0.4692240E-01 -0.9645386E-01  0.8792666E-01 -0.1255926E+00  0.1170654E+00 -0.1883091E+00  0.1797819E+00 -0.1194648E+00  0.1109376E+00
  0.4699500E-01 -0.9663614E-01  0.8802969E-01 -0.1258200E+00  0.1172135E+00 -0.1886335E+00  0.1800270E+00 -0.1196827E+00  0.1110762E+00
  0.4706963E-01 -0.9682239E-01  0.8813668E-01 -0.1260526E+00  0.1173669E+00 -0.1889658E+00  0.1802801E+00 -0.1199055E+00  0.1112198E+00
  0.4714626E-01 -0.9701259E-01  0.8824761E-01 -0.1262904E+00  0.1175254E+00 -0.1893060E+00  0.1805411E+00 -0.1201333E+00  0.1113683E+00
  0.4722490E-01 -0.9720672E-01  0.8836248E-01 -0.1265333E+00  0.1176891E+00 -0.1896541E+00  0.1808099E+00 -0.1203660E+00  0.1115217E+00
  0.4730552E-01 -0.9740475E-01  0.8848125E-01 -0.1267814E+00  0.1178579E+00 -0.1900099E+00  0.1810865E+00 -0.1206035E+00  0.1116800E+00
  0.4738812E-01 -0.9760667E-01  0.8860391E-01 -0.1270346E+00  0.1180319E+00 -0.1903736E+00  0.1813708E+00 -0.1208460E+00  0.1118432E+00
  0.4747269E-01 -0.9781246E-01  0.8873044E-01 -0.1272929E+00  0.1182109E+00 -0.1907449E+00  0.1816629E+00 -0.1210932E+00  0.1120112E+00
  0.4755922E-01 -0.9802210E-01  0.8886082E-01 -0.1275563E+00  0.1183950E+00 -0.1911239E+00  0.1819627E+00 -0.1213453E+00  0.1121840E+00
  0.4764770E-01 -0.9823556E-01  0.8899502E-01 -0.1278247E+00  0.1185842E+00 -0.1915106E+00  0.1822701E+00 -0.1216022E+00  0.1123616E+00
  0.4773811E-01 -0.9845283E-01  0.8913303E-01 -0.1280981E+00  0.1187783E+00 -0.1919049E+00  0.1825851E+00 -0.1218638E+00  0.1125440E+00
  0.4783045E-01 -0.9867388E-01  0.8927483E-01 -0.1283765E+00  0.1189775E+00 -0.1923067E+00  0.1829076E+00 -0.1221301E+00  0.1127310E+00
  0.4792470E-01 -0.9889869E-01  0.8942038E-01 -0.1286599E+00  0.1191816E+00 -0.1927160E+00  0.1832377E+00 -0.1224011E+00  0.1129228E+00
  0.4802086E-01 -0.9912725E-01  0.8956967E-01 -0.1289481E+00  0.1193906E+00 -0.1931328E+00  0.1835752E+00 -0.1226768E+00  0.1131193E+00
  0.4811891E-01 -0.9935952E-01  0.8972268E-01 -0.1292413E+00  0.1196045E+00 -0.1935570E+00  0.1839202E+00 -0.1229572E+00  0.1133204E+00
  0.4821884E-01 -0.9959548E-01  0.8987939E-01 -0.1295393E+00  0.1198232E+00 -0.1939886E+00  0.1842725E+00 -0.1232422E+00  0.1135261E+00
  0.4832064E-01 -0.9983512E-01  0.9003976E-01 -0.1298422E+00  0.1200468E+00 -0.1944275E+00  0.1846322E+00 -0.1235317E+00  0.1137364E+00
  0.4842429E-01 -0.1000784E+00  0.9020379E-01 -0.1301498E+00  0.1202752E+00 -0.1948737E+00  0.1849991E+00 -0.1238258E+00  0.1139512E+00
  0.4852979E-01 -0.1003253E+00  0.9037144E-01 -0.1304622E+00  0.1205084E+00 -0.1953271E+00  0.1853733E+00 -0.1241245E+00  0.1141706E+00
  0.4863712E-01 -0.1005758E+00  0.9054269E-01 -0.1307794E+00  0.1207463E+00 -0.1957878E+00  0.1857546E+00 -0.1244276E+00  0.1143945E+00
  0.4874628E-01 -0.1008299E+00  0.9071752E-01 -0.1311013E+00  0.1209889E+00 -0.1962555E+00  0.1861431E+00 -0.1247352E+00  0.1146229E+00
  0.4885724E-01 -0.1010875E+00  0.9089590E-01 -0.1314278E+00  0.1212362E+00 -0.1967304E+00  0.1865387E+00 -0.1250473E+00  0.1148557E+00
  0.4897000E-01 -0.1013487E+00  0.9107781E-01 -0.1317590E+00  0.1214881E+00 -0.1972123E+00  0.1869414E+00 -0.1253638E+00  0.1150929E+00
  0.4908454E-01 -0.1016134E+00  0.9126323E-01 -0.1320948E+00  0.1217447E+00 -0.1977012E+00  0.1873510E+00 -0.1256846E+00  0.1153345E+00
  0.4920086E-01 -0.1018816E+00  0.9145212E-01 -0.1324352E+00  0.1220058E+00 -0.1981971E+00  0.1877676E+00 -0.1260098E+00  0.1155804E+00
  0.4931893E-01 -0.1021532E+00  0.9164448E-01 -0.1327802E+00  0.1222715E+00 -0.1986998E+00  0.1881911E+00 -0.1263393E+00  0.1158306E+00
  0.4943875E-01 -0.1024282E+00  0.9184026E-01 -0.1331296E+00  0.1225417E+00 -0.1992094E+00  0.1886215E+00 -0.1266731E+00  0.1160852E+00
  0.4956030E-01 -0.1027067E+00  0.9203945E-01 -0.1334835E+00  0.1228163E+00 -0.1997258E+00  0.1890586E+00 -0.1270112E+00  0.1163440E+00
  0.4968358E-01 -0.1029885E+00  0.9224203E-01 -0.1338419E+00  0.1230955E+00 -0.2002490E+00  0.1895025E+00 -0.1273535E+00  0.1166070E+00
  0.4980856E-01 -0.1032737E+00  0.9244795E-01 -0.1342047E+00  0.1233790E+00 -0.2007788E+00  0.1899531E+00 -0.1277000E+00  0.1168742E+00
  0.4993524E-01 -0.1035622E+00  0.9265721E-01 -0.1345719E+00  0.1236669E+00 -0.2013153E+00  0.1904103E+00 -0.1280506E+00  0.1171456E+00
  0.5006360E-01 -0.1038540E+00  0.9286978E-01 -0.1349435E+00  0.1239592E+00 -0.2018584E+00  0.1908742E+00 -0.1284054E+00  0.1174211E+00
  0.5019363E-01 -0.1041491E+00  0.9308562E-01 -0.1353193E+00  0.1242558E+00 -0.2024081E+00  0.1913446E+00 -0.1287643E+00  0.1177008E+00
  0.5032531E-01 -0.1044475E+00  0.9330473E-01 -0.1356994E+00  0.1245567E+00 -0.2029642E+00  0.1918215E+00 -0.1291272E+00  0.1179844E+00
  0.5045865E-01 -0.1047491E+00  0.9352706E-01 -0.1360838E+00  0.1248618E+00 -0.2035268E+00  0.1923048E+00 -0.1294942E+00  0.1182721E+00
  0.5059361E-01 -0.1050539E+00  0.9375259E-01 -0.1364724E+00  0.1251712E+00 -0.2040958E+00  0.1927945E+00 -0.1298652E+00  0.1185639E+00
  0.5073019E-01 -0.1053618E+00  0.9398130E-01 -0.1368652E+00  0.1254847E+00 -0.2046712E+00  0.1932906E+00 -0.1302401E+00  0.1188596E+00
  0.5086837E-01 -0.1056730E+00  0.9421317E-01 -0.1372622E+00  0.1258024E+00 -0.2052528E+00  0.1937930E+00 -0.1306190E+00  0.1191592E+00
  0.5100815E-01 -0.1059872E+00  0.9444816E-01 -0.1376632E+00  0.1261241E+00 -0.2058407E+00  0.1943016E+00 -0.1310018E+00  0.1194627E+00
  0.5114950E-01 -0.1063046E+00  0.9468626E-01 -0.1380683E+00  0.1264500E+00 -0.2064347E+00  0.1948164E+00 -0.1313885E+00  0.1197701E+00
  0.5129242E-01 -0.1066250E+00  0.9492743E-01 -0.1384775E+00  0.1267799E+00 -0.2070350E+00  0.1953374E+00 -0.1317790E+00  0.1200814E+00
  0.5143689E-01 -0.1069485E+00  0.9517165E-01 -0.1388907E+00  0.1271139E+00 -0.2076413E+00  0.1958644E+00 -0.1321733E+00  0.1203965E+00
  0.5158290E-01 -0.1072750E+00  0.9541889E-01 -0.1393079E+00  0.1274518E+00 -0.2082536E+00  0.1963975E+00 -0.1325714E+00  0.1207153E+00
  0.5173044E-01 -0.1076045E+00  0.9566914E-01 -0.1397290E+00  0.1277937E+00 -0.2088719E+00  0.1969366E+00 -0.1329733E+00  0.1210379E+00
  0.5187949E-01 -0.1079370E+00  0.9592235E-01 -0.1401541E+00  0.1281394E+00 -0.2094962E+00  0.1974816E+00 -0.1333789E+00  0.1213642E+00
  0.5203005E-01 -0.1082724E+00  0.9617852E-01 -0.1405830E+00  0.1284891E+00 -0.2101263E+00  0.1980324E+00 -0.1337881E+00  0.1216942E+00
  0.5218208E-01 -0.1086107E+00  0.9643761E-01 -0.1410157E+00  0.1288426E+00 -0.2107623E+00  0.1985892E+00 -0.1342010E+00  0.1220279E+00
  0.5233560E-01 -0.1089520E+00  0.9669959E-01 -0.1414523E+00  0.1291999E+00 -0.2114041E+00  0.1991517E+00 -0.1346175E+00  0.1223651E+00
  0.5249057E-01 -0.1092961E+00  0.9696445E-01 -0.1418927E+00  0.1295610E+00 -0.2120516E+00  0.1997199E+00 -0.1350377E+00  0.1227060E+00
  0.5264700E-01 -0.1096431E+00  0.9723215E-01 -0.1423368E+00  0.1299259E+00 -0.2127047E+00  0.2002938E+00 -0.1354613E+00  0.1230504E+00
  0.5280486E-01 -0.1099929E+00  0.9750267E-01 -0.1427846E+00  0.1302944E+00 -0.2133635E+00  0.2008734E+00 -0.1358885E+00  0.1233984E+00
  0.5296414E-01 -0.1103454E+00  0.9777599E-01 -0.1432361E+00  0.1306666E+00 -0.2140279E+00  0.2014585E+00 -0.1363192E+00  0.1237498E+00
  0.5312483E-01 -0.1107008E+00  0.9805208E-01 -0.1436912E+00  0.1310425E+00 -0.2146979E+00  0.2020492E+00 -0.1367534E+00  0.1241047E+00
  0.5328692E-01 -0.1110589E+00  0.9833091E-01 -0.1441500E+00  0.1314220E+00 -0.2153733E+00  0.2026453E+00 -0.1371910E+00  0.1244630E+00
  0.5345040E-01 -0.1114197E+00  0.9861247E-01 -0.1446123E+00  0.1318051E+00 -0.2160541E+00  0.2032469E+00 -0.1376319E+00  0.1248247E+00
  0.5361524E-01 -0.1117832E+00  0.9889672E-01 -0.1450782E+00  0.1321917E+00 -0.2167403E+00  0.2038538E+00 -0.1380763E+00  0.1251898E+00
  0.5378145E-01 -0.1121494E+00  0.9918364E-01 -0.1455476E+00  0.1325818E+00 -0.2174318E+00  0.2044661E+00 -0.1385240E+00  0.1255582E+00
  0.5394900E-01 -0.1125182E+00  0.9947321E-01 -0.1460205E+00  0.1329755E+00 -0.2181287E+00  0.2050837E+00 -0.1389750E+00  0.1259300E+00
  0.5411789E-01 -0.1128897E+00  0.9976540E-01 -0.1464968E+00  0.1333725E+00 -0.2188307E+00  0.2057065E+00 -0.1394293E+00  0.1263050E+00
  0.5428810E-01 -0.1132637E+00  0.1000602E+00 -0.1469765E+00  0.1337730E+00 -0.2195380E+00  0.2063345E+00 -0.1398868E+00  0.1266832E+00
  0.5445961E-01 -0.1136403E+00  0.1003575E+00 -0.1474597E+00  0.1341769E+00 -0.2202504E+00  0.2069676E+00 -0.1403475E+00  0.1270647E+00
  0.5463243E-01 -0.1140195E+00  0.1006574E+00 -0.1479461E+00  0.1345841E+00 -0.2209678E+00  0.2076058E+00 -0.1408114E+00  0.1274494E+00
  0.5480653E-01 -0.1144012E+00  0.1009599E+00 -0.1484360E+00  0.1349947E+00 -0.2216903E+00  0.2082490E+00 -0.1412785E+00  0.1278372E+00
  0.5498190E-01 -0.1147854E+00  0.1012648E+00 -0.1489291E+00  0.1354085E+00 -0.2224178E+00  0.2088973E+00 -0.1417487E+00  0.1282281E+00
  0.5515854E-01 -0.1151720E+00  0.1015722E+00 -0.1494254E+00  0.1358256E+00 -0.2231503E+00  0.2095505E+00 -0.1422220E+00  0.1286222E+00
  0.5533642E-01 -0.1155612E+00  0.1018821E+00 -0.1499250E+00  0.1362459E+00 -0.2238876E+00  0.2102085E+00 -0.1426983E+00  0.1290192E+00
  0.5551553E-01 -0.1159527E+00  0.1021944E+00 -0.1504278E+00  0.1366694E+00 -0.2246298E+00  0.2108715E+00 -0.1431777E+00  0.1294194E+00
  0.5569588E-01 -0.1163467E+00  0.1025091E+00 -0.1509337E+00  0.1370961E+00 -0.2253768E+00  0.2115392E+00 -0.1436601E+00  0.1298225E+00
  0.5587743E-01 -0.1167430E+00  0.1028261E+00 -0.1514428E+00  0.1375260E+00 -0.2261286E+00  0.2122117E+00 -0.1441455E+00  0.1302286E+00
  0.5606019E-01 -0.1171417E+00  0.1031456E+00 -0.1519550E+00  0.1379589E+00 -0.2268850E+00  0.2128889E+00 -0.1446338E+00  0.1306377E+00
  0.5624413E-01 -0.1175427E+00  0.1034674E+00 -0.1524703E+00  0.1383949E+00 -0.2276461E+00  0.2135708E+00 -0.1451250E+00  0.1310497E+00
  0.5642926E-01 -0.1179461E+00  0.1037914E+00 -0.1529886E+00  0.1388339E+00 -0.2284119E+00  0.2142572E+00 -0.1456192E+00  0.1314645E+00
  0.5661554E-01 -0.1183517E+00  0.1041178E+00 -0.1535099E+00  0.1392760E+00 -0.2291822E+00  0.2149483E+00 -0.1461162E+00  0.1318823E+00
  0.5680299E-01 -0.1187596E+00  0.1044465E+00 -0.1540342E+00  0.1397210E+00 -0.2299570E+00  0.2156439E+00 -0.1466160E+00  0.1323028E+00
  0.5699157E-01 -0.1191698E+00  0.1047774E+00 -0.1545615E+00  0.1401690E+00 -0.2307364E+00  0.2163440E+00 -0.1471186E+00  0.1327262E+00
  0.5718129E-01 -0.1195821E+00  0.1051105E+00 -0.1550916E+00  0.1406200E+00 -0.2315201E+00  0.2170485E+00 -0.1476240E+00  0.1331524E+00
  0.5737213E-01 -0.1199967E+00  0.1054458E+00 -0.1556247E+00  0.1410738E+00 -0.2323083E+00  0.2177574E+00 -0.1481322E+00  0.1335813E+00
  0.5756408E-01 -0.1204135E+00  0.1057833E+00 -0.1561607E+00  0.1415305E+00 -0.2331008E+00  0.2184706E+00 -0.1486431E+00  0.1340129E+00
  0.5775712E-01 -0.1208324E+00  0.1061229E+00 -0.1566995E+00  0.1419900E+00 -0.2338976E+00  0.2191882E+00 -0.1491567E+00  0.1344472E+00
  0.5795126E-01 -0.1212534E+00  0.1064647E+00 -0.1572411E+00  0.1424524E+00 -0.2346987E+00  0.2199100E+00 -0.1496729E+00  0.1348842E+00
  0.5814647E-01 -0.1216766E+00  0.1068086E+00 -0.1577855E+00  0.1429175E+00 -0.2355040E+00  0.2206361E+00 -0.1501918E+00  0.1353239E+00
  0.5834274E-01 -0.1221019E+00  0.1071546E+00 -0.1583326E+00  0.1433854E+00 -0.2363135E+00  0.2213663E+00 -0.1507134E+00  0.1357661E+00
  0.5854007E-01 -0.1225292E+00  0.1075027E+00 -0.1588825E+00  0.1438560E+00 -0.2371271E+00  0.2221007E+00 -0.1512375E+00  0.1362110E+00
  0.5873845E-01 -0.1229586E+00  0.1078528E+00 -0.1594351E+00  0.1443293E+00 -0.2379449E+00  0.2228391E+00 -0.1517641E+00  0.1366584E+00
  0.5893785E-01 -0.1233900E+00  0.1082050E+00 -0.1599903E+00  0.1448053E+00 -0.2387666E+00  0.2235816E+00 -0.1522933E+00  0.1371083E+00
  0.5913829E-01 -0.1238234E+00  0.1085592E+00 -0.1605482E+00  0.1452840E+00 -0.2395924E+00  0.2243282E+00 -0.1528250E+00  0.1375608E+00
  0.5933973E-01 -0.1242588E+00  0.1089153E+00 -0.1611087E+00  0.1457652E+00 -0.2404222E+00  0.2250787E+00 -0.1533593E+00  0.1380157E+00
  0.5954218E-01 -0.1246962E+00  0.1092734E+00 -0.1616718E+00  0.1462491E+00 -0.2412559E+00  0.2258331E+00 -0.1538959E+00  0.1384731E+00
  0.5974562E-01 -0.1251356E+00  0.1096335E+00 -0.1622375E+00  0.1467355E+00 -0.2420935E+00  0.2265914E+00 -0.1544350E+00  0.1389330E+00
  0.5995004E-01 -0.1255768E+00  0.1099955E+00 -0.1628057E+00  0.1472244E+00 -0.2429349E+00  0.2273536E+00 -0.1549765E+00  0.1393952E+00
  0.6015544E-01 -0.1260200E+00  0.1103594E+00 -0.1633765E+00  0.1477159E+00 -0.2437802E+00  0.2281196E+00 -0.1555204E+00  0.1398599E+00
  0.6036179E-01 -0.1264651E+00  0.1107253E+00 -0.1639497E+00  0.1482098E+00 -0.2446292E+00  0.2288894E+00 -0.1560667E+00  0.1403269E+00
  0.6056910E-01 -0.1269120E+00  0.1110929E+00 -0.1645254E+00  0.1487063E+00 -0.2454820E+00  0.2296629E+00 -0.1566153E+00  0.1407962E+00
  0.6077736E-01 -0.1273608E+00  0.1114625E+00 -0.1651035E+00  0.1492051E+00 -0.2463385E+00  0.2304401E+00 -0.1571662E+00  0.1412679E+00
  0.6098654E-01 -0.1278114E+00  0.1118338E+00 -0.1656840E+00  0.1497064E+00 -0.2471986E+00  0.2312210E+00 -0.1577194E+00  0.1417418E+00
  0.6119665E-01 -0.1282639E+00  0.1122070E+00 -0.1662669E+00  0.1502100E+00 -0.2480623E+00  0.2320055E+00 -0.1582749E+00  0.1422181E+00
  0.6140767E-01 -0.1287181E+00  0.1125820E+00 -0.1668522E+00  0.1507161E+00 -0.2489297E+00  0.2327935E+00 -0.1588326E+00  0.1426965E+00
  0.6161960E-01 -0.1291741E+00  0.1129587E+00 -0.1674398E+00  0.1512244E+00 -0.2498005E+00  0.2335852E+00 -0.1593926E+00  0.1431772E+00
  0.6183243E-01 -0.1296319E+00  0.1133373E+00 -0.1680298E+00  0.1517351E+00 -0.2506749E+00  0.2343803E+00 -0.1599547E+00  0.1436601E+00
  0.6204614E-01 -0.1300914E+00  0.1137175E+00 -0.1686220E+00  0.1522481E+00 -0.2515528E+00  0.2351789E+00 -0.1605191E+00  0.1441451E+00
  0.6226072E-01 -0.1305527E+00  0.1140995E+00 -0.1692165E+00  0.1527633E+00 -0.2524341E+00  0.2359810E+00 -0.1610855E+00  0.1446324E+00
  0.6247618E-01 -0.1310156E+00  0.1144832E+00 -0.1698132E+00  0.1532808E+00 -0.2533188E+00  0.2367864E+00 -0.1616541E+00  0.1451217E+00
  0.6269249E-01 -0.1314802E+00  0.1148685E+00 -0.1704122E+00  0.1538005E+00 -0.2542069E+00  0.2375953E+00 -0.1622248E+00  0.1456132E+00
  0.6290966E-01 -0.1319465E+00  0.1152556E+00 -0.1710133E+00  0.1543224E+00 -0.2550984E+00  0.2384074E+00 -0.1627976E+00  0.1461067E+00
  0.6312766E-01 -0.1324145E+00  0.1156443E+00 -0.1716167E+00  0.1548465E+00 -0.2559931E+00  0.2392229E+00 -0.1633725E+00  0.1466023E+00
  0.6334650E-01 -0.1328841E+00  0.1160346E+00 -0.1722222E+00  0.1553727E+00 -0.2568911E+00  0.2400416E+00 -0.1639494E+00  0.1471000E+00
  0.6356617E-01 -0.1333553E+00  0.1164266E+00 -0.1728298E+00  0.1559011E+00 -0.2577923E+00  0.2408636E+00 -0.1645283E+00  0.1475996E+00
  0.6378664E-01 -0.1338281E+00  0.1168201E+00 -0.1734395E+00  0.1564315E+00 -0.2586967E+00  0.2416887E+00 -0.1651093E+00  0.1481013E+00
  0.6400793E-01 -0.1343025E+00  0.1172153E+00 -0.1740513E+00  0.1569641E+00 -0.2596043E+00  0.2425171E+00 -0.1656922E+00  0.1486050E+00
  0.6423001E-01 -0.1347785E+00  0.1176120E+00 -0.1746652E+00  0.1574987E+00 -0.2605150E+00  0.2433485E+00 -0.1662771E+00  0.1491106E+00
  0.6445289E-01 -0.1352560E+00  0.1180102E+00 -0.1752811E+00  0.1580354E+00 -0.2614288E+00  0.2441831E+00 -0.1668639E+00  0.1496181E+00
  0.6467655E-01 -0.1357350E+00  0.1184100E+00 -0.1758991E+00  0.1585741E+00 -0.2623457E+00  0.2450207E+00 -0.1674526E+00  0.1501276E+00
  0.6490098E-01 -0.1362156E+00  0.1188113E+00 -0.1765190E+00  0.1591148E+00 -0.2632657E+00  0.2458614E+00 -0.1680433E+00  0.1506390E+00
  0.6512618E-01 -0.1366977E+00  0.1192142E+00 -0.1771410E+00  0.1596574E+00 -0.2641886E+00  0.2467051E+00 -0.1686358E+00  0.1511523E+00
  0.6535214E-01 -0.1371813E+00  0.1196185E+00 -0.1777649E+00  0.1602021E+00 -0.2651145E+00  0.2475517E+00 -0.1692302E+00  0.1516674E+00
  0.6557884E-01 -0.1376663E+00  0.1200243E+00 -0.1783907E+00  0.1607487E+00 -0.2660434E+00  0.2484013E+00 -0.1698264E+00  0.1521844E+00
  0.6580629E-01 -0.1381529E+00  0.1204315E+00 -0.1790185E+00  0.1612972E+00 -0.2669751E+00  0.2492538E+00 -0.1704245E+00  0.1527032E+00
  0.6603448E-01 -0.1386408E+00  0.1208402E+00 -0.1796481E+00  0.1618476E+00 -0.2679098E+00  0.2501092E+00 -0.1710243E+00  0.1532238E+00
  0.6626339E-01 -0.1391302E+00  0.1212504E+00 -0.1802797E+00  0.1623998E+00 -0.2688473E+00  0.2509675E+00 -0.1716260E+00  0.1537461E+00
  0.6649303E-01 -0.1396210E+00  0.1216619E+00 -0.1809131E+00  0.1629540E+00 -0.2697876E+00  0.2518285E+00 -0.1722294E+00  0.1542703E+00
  0.6672337E-01 -0.1401132E+00  0.1220748E+00 -0.1815483E+00  0.1635100E+00 -0.2707307E+00  0.2526924E+00 -0.1728346E+00  0.1547962E+00
  0.6695442E-01 -0.1406068E+00  0.1224892E+00 -0.1821854E+00  0.1640678E+00 -0.2716766E+00  0.2535590E+00 -0.1734415E+00  0.1553238E+00
  0.6718617E-01 -0.1411017E+00  0.1229049E+00 -0.1828243E+00  0.1646274E+00 -0.2726253E+00  0.2544284E+00 -0.1740501E+00  0.1558532E+00
  0.6741861E-01 -0.1415980E+00  0.1233219E+00 -0.1834649E+00  0.1651888E+00 -0.2735766E+00  0.2553005E+00 -0.1746604E+00  0.1563842E+00
  0.6765174E-01 -0.1420957E+00  0.1237403E+00 -0.1841073E+00  0.1657519E+00 -0.2745306E+00  0.2561752E+00 -0.1752723E+00  0.1569170E+00
  0.6788554E-01 -0.1425947E+00  0.1241600E+00 -0.1847515E+00  0.1663169E+00 -0.2754873E+00  0.2570526E+00 -0.1758860E+00  0.1574513E+00
  0.6812001E-01 -0.1430950E+00  0.1245811E+00 -0.1853974E+00  0.1668835E+00 -0.2764466E+00  0.2579327E+00 -0.1765013E+00  0.1579874E+00
  0.6835514E-01 -0.1435966E+00  0.1250034E+00 -0.1860450E+00  0.1674519E+00 -0.2774085E+00  0.2588153E+00 -0.1771182E+00  0.1585250E+00
  0.6859093E-01 -0.1440995E+00  0.1254271E+00 -0.1866944E+00  0.1680219E+00 -0.2783730E+00  0.2597005E+00 -0.1777367E+00  0.1590643E+00
  0.6882737E-01 -0.1446037E+00  0.1258520E+00 -0.1873454E+00  0.1685937E+00 -0.2793400E+00  0.2605883E+00 -0.1783568E+00  0.1596051E+00
  0.6906445E-01 -0.1451091E+00  0.1262781E+00 -0.1879980E+00  0.1691671E+00 -0.2803095E+00  0.2614786E+00 -0.1789785E+00  0.1601476E+00
  0.6930217E-01 -0.1456158E+00  0.1267056E+00 -0.1886523E+00  0.1697421E+00 -0.2812816E+00  0.2623714E+00 -0.1796018E+00  0.1606916E+00
  0.6954051E-01 -0.1461237E+00  0.1271342E+00 -0.1893083E+00  0.1703188E+00 -0.2822561E+00  0.2632666E+00 -0.1802266E+00  0.1612371E+00
  0.6977948E-01 -0.1466328E+00  0.1275641E+00 -0.1899658E+00  0.1708971E+00 -0.2832330E+00  0.2641643E+00 -0.1808529E+00  0.1617842E+00
  0.7001907E-01 -0.1471432E+00  0.1279952E+00 -0.1906249E+00  0.1714769E+00 -0.2842124E+00  0.2650644E+00 -0.1814808E+00  0.1623328E+00
  0.7025926E-01 -0.1476547E+00  0.1284275E+00 -0.1912856E+00  0.1720584E+00 -0.2851941E+00  0.2659669E+00 -0.1821101E+00  0.1628829E+00
  0.7050006E-01 -0.1481675E+00  0.1288610E+00 -0.1919479E+00  0.1726414E+00 -0.2861783E+00  0.2668718E+00 -0.1827409E+00  0.1634344E+00
  0.7074146E-01 -0.1486814E+00  0.1292956E+00 -0.1926117E+00  0.1732260E+00 -0.2871647E+00  0.2677790E+00 -0.1833732E+00  0.1639875E+00
  0.7098345E-01 -0.1491965E+00  0.1297314E+00 -0.1932771E+00  0.1738121E+00 -0.2881535E+00  0.2686885E+00 -0.1840070E+00  0.1645420E+00
  0.7122603E-01 -0.1497127E+00  0.1301684E+00 -0.1939440E+00  0.1743997E+00 -0.2891446E+00  0.2696003E+00 -0.1846422E+00  0.1650979E+00
  0.7146918E-01 -0.1502301E+00  0.1306065E+00 -0.1946123E+00  0.1749888E+00 -0.2901380E+00  0.2705144E+00 -0.1852788E+00  0.1656552E+00
  0.7171291E-01 -0.1507486E+00  0.1310457E+00 -0.1952822E+00  0.1755794E+00 -0.2911336E+00  0.2714308E+00 -0.1859168E+00  0.1662140E+00
  0.7195721E-01 -0.1512682E+00  0.1314861E+00 -0.1959535E+00  0.1761714E+00 -0.2921315E+00  0.2723494E+00 -0.1865562E+00  0.1667742E+00
  0.7220207E-01 -0.1517889E+00  0.1319276E+00 -0.1966263E+00  0.1767649E+00 -0.2931315E+00  0.2732702E+00 -0.1871970E+00  0.1673357E+00
  0.7244748E-01 -0.1523107E+00  0.1323701E+00 -0.1973005E+00  0.1773599E+00 -0.2941337E+00  0.2741932E+00 -0.1878392E+00  0.1678986E+00
  0.7269345E-01 -0.1528336E+00  0.1328137E+00 -0.1979761E+00  0.1779563E+00 -0.2951381E+00  0.2751183E+00 -0.1884827E+00  0.1684628E+00
  0.7293996E-01 -0.1533575E+00  0.1332584E+00 -0.1986532E+00  0.1785541E+00 -0.2961447E+00  0.2760456E+00 -0.1891275E+00  0.1690284E+00
  0.7318702E-01 -0.1538826E+00  0.1337042E+00 -0.1993316E+00  0.1791532E+00 -0.2971533E+00  0.2769750E+00 -0.1897737E+00  0.1695954E+00
  0.7343460E-01 -0.1544086E+00  0.1341510E+00 -0.2000114E+00  0.1797538E+00 -0.2981641E+00  0.2779065E+00 -0.1904212E+00  0.1701636E+00
  0.7368272E-01 -0.1549358E+00  0.1345989E+00 -0.2006926E+00  0.1803557E+00 -0.2991769E+00  0.2788400E+00 -0.1910700E+00  0.1707331E+00
  0.7393136E-01 -0.1554639E+00  0.1350477E+00 -0.2013752E+00  0.1809590E+00 -0.3001918E+00  0.2797756E+00 -0.1917201E+00  0.1713039E+00
  0.7418052E-01 -0.1559931E+00  0.1354976E+00 -0.2020591E+00  0.1815636E+00 -0.3012087E+00  0.2807133E+00 -0.1923714E+00  0.1718760E+00
  0.7443019E-01 -0.1565232E+00  0.1359486E+00 -0.2027443E+00  0.1821696E+00 -0.3022276E+00  0.2816530E+00 -0.1930240E+00  0.1724494E+00
  0.7468037E-01 -0.1570544E+00  0.1364005E+00 -0.2034308E+00  0.1827769E+00 -0.3032485E+00  0.2825946E+00 -0.1936779E+00  0.1730240E+00
  0.7493105E-01 -0.1575865E+00  0.1368534E+00 -0.2041186E+00  0.1833854E+00 -0.3042714E+00  0.2835382E+00 -0.1943330E+00  0.1735998E+00
  0.7518223E-01 -0.1581197E+00  0.1373072E+00 -0.2048077E+00  0.1839953E+00 -0.3052963E+00  0.2844838E+00 -0.1949893E+00  0.1741769E+00
  0.7543390E-01 -0.1586538E+00  0.1377621E+00 -0.2054981E+00  0.1846064E+00 -0.3063230E+00  0.2854313E+00 -0.1956468E+00  0.1747551E+00
  0.7568606E-01 -0.1591888E+00  0.1382179E+00 -0.2061898E+00  0.1852188E+00 -0.3073517E+00  0.2863808E+00 -0.1963055E+00  0.1753346E+00
  0.7593871E-01 -0.1597249E+00  0.1386746E+00 -0.2068827E+00  0.1858325E+00 -0.3083823E+00  0.2873321E+00 -0.1969655E+00  0.1759152E+00
  0.7619183E-01 -0.1602618E+00  0.1391323E+00 -0.2075768E+00  0.1864473E+00 -0.3094148E+00  0.2882853E+00 -0.1976265E+00  0.1764971E+00
  0.7644543E-01 -0.1607997E+00  0.1395909E+00 -0.2082722E+00  0.1870634E+00 -0.3104491E+00  0.2892404E+00 -0.1982888E+00  0.1770800E+00
  0.7669949E-01 -0.1613385E+00  0.1400505E+00 -0.2089688E+00  0.1876808E+00 -0.3114853E+00  0.2901973E+00 -0.1989522E+00  0.1776642E+00
  0.7695402E-01 -0.1618782E+00  0.1405109E+00 -0.2096665E+00  0.1882993E+00 -0.3125233E+00  0.2911560E+00 -0.1996167E+00  0.1782495E+00
  0.7720901E-01 -0.1624188E+00  0.1409723E+00 -0.2103655E+00  0.1889190E+00 -0.3135630E+00  0.2921165E+00 -0.2002824E+00  0.1788359E+00
  0.7746446E-01 -0.1629603E+00  0.1414346E+00 -0.2110657E+00  0.1895399E+00 -0.3146046E+00  0.2930788E+00 -0.2009492E+00  0.1794234E+00
  0.7772036E-01 -0.1635027E+00  0.1418977E+00 -0.2117670E+00  0.1901619E+00 -0.3156480E+00  0.2940429E+00 -0.2016171E+00  0.1800120E+00
  0.7797670E-01 -0.1640460E+00  0.1423617E+00 -0.2124694E+00  0.1907851E+00 -0.3166930E+00  0.2950087E+00 -0.2022860E+00  0.1806017E+00
  0.7823348E-01 -0.1645902E+00  0.1428266E+00 -0.2131730E+00  0.1914095E+00 -0.3177399E+00  0.2959763E+00 -0.2029561E+00  0.1811926E+00
  0.7849070E-01 -0.1651352E+00  0.1432923E+00 -0.2138778E+00  0.1920350E+00 -0.3187884E+00  0.2969456E+00 -0.2036273E+00  0.1817844E+00
  0.7874836E-01 -0.1656810E+00  0.1437589E+00 -0.2145836E+00  0.1926615E+00 -0.3198386E+00  0.2979166E+00 -0.2042995E+00  0.1823774E+00
  0.7900644E-01 -0.1662277E+00  0.1442264E+00 -0.2152906E+00  0.1932893E+00 -0.3208906E+00  0.2988892E+00 -0.2049727E+00  0.1829714E+00
  0.7926495E-01 -0.1667752E+00  0.1446946E+00 -0.2159987E+00  0.1939181E+00 -0.3219442E+00  0.2998636E+00 -0.2056470E+00  0.1835664E+00
  0.7952388E-01 -0.1673236E+00  0.1451637E+00 -0.2167078E+00  0.1945480E+00 -0.3229994E+00  0.3008395E+00 -0.2063224E+00  0.1841625E+00
  0.7978322E-01 -0.1678728E+00  0.1456337E+00 -0.2174180E+00  0.1951789E+00 -0.3240563E+00  0.3018171E+00 -0.2069987E+00  0.1847596E+00
  0.8004298E-01 -0.1684228E+00  0.1461044E+00 -0.2181293E+00  0.1958110E+00 -0.3251147E+00  0.3027964E+00 -0.2076761E+00  0.1853577E+00
  0.8030315E-01 -0.1689735E+00  0.1465759E+00 -0.2188417E+00  0.1964441E+00 -0.3261748E+00  0.3037772E+00 -0.2083545E+00  0.1859568E+00
  0.8056372E-01 -0.1695251E+00  0.1470482E+00 -0.2195551E+00  0.1970782E+00 -0.3272365E+00  0.3047596E+00 -0.2090339E+00  0.1865570E+00
  0.8082469E-01 -0.1700775E+00  0.1475213E+00 -0.2202695E+00  0.1977134E+00 -0.3282998E+00  0.3057436E+00 -0.2097142E+00  0.1871581E+00
  0.8108606E-01 -0.1706307E+00  0.1479952E+00 -0.2209850E+00  0.1983496E+00 -0.3293646E+00  0.3067292E+00 -0.2103955E+00  0.1877601E+00
  0.8134782E-01 -0.1711846E+00  0.1484699E+00 -0.2217015E+00  0.1989868E+00 -0.3304309E+00  0.3077162E+00 -0.2110778E+00  0.1883632E+00
  0.8160997E-01 -0.1717393E+00  0.1489453E+00 -0.2224189E+00  0.1996250E+00 -0.3314988E+00  0.3087049E+00 -0.2117611E+00  0.1889671E+00
  0.8187251E-01 -0.1722947E+00  0.1494215E+00 -0.2231374E+00  0.2002642E+00 -0.3325682E+00  0.3096950E+00 -0.2124453E+00  0.1895721E+00
  0.8213543E-01 -0.1728509E+00  0.1498985E+00 -0.2238569E+00  0.2009044E+00 -0.3336391E+00  0.3106866E+00 -0.2131304E+00  0.1901779E+00
  0.8239872E-01 -0.1734078E+00  0.1503761E+00 -0.2245773E+00  0.2015456E+00 -0.3347114E+00  0.3116797E+00 -0.2138165E+00  0.1907847E+00
  0.8266240E-01 -0.1739655E+00  0.1508545E+00 -0.2252988E+00  0.2021878E+00 -0.3357853E+00  0.3126743E+00 -0.2145034E+00  0.1913925E+00
  0.8292644E-01 -0.1745239E+00  0.1513337E+00 -0.2260211E+00  0.2028309E+00 -0.3368606E+00  0.3136703E+00 -0.2151913E+00  0.1920011E+00
  0.8319085E-01 -0.1750830E+00  0.1518136E+00 -0.2267444E+00  0.2034750E+00 -0.3379373E+00  0.3146678E+00 -0.2158801E+00  0.1926106E+00
  0.8345562E-01 -0.1756429E+00  0.1522941E+00 -0.2274687E+00  0.2041200E+00 -0.3390155E+00  0.3156667E+00 -0.2165698E+00  0.1932211E+00
  0.8372075E-01 -0.1762034E+00  0.1527754E+00 -0.2281939E+00  0.2047659E+00 -0.3400950E+00  0.3166670E+00 -0.2172604E+00  0.1938324E+00
  0.8398624E-01 -0.1767647E+00  0.1532574E+00 -0.2289200E+00  0.2054128E+00 -0.3411760E+00  0.3176687E+00 -0.2179518E+00  0.1944446E+00
  0.8425209E-01 -0.1773266E+00  0.1537401E+00 -0.2296471E+00  0.2060605E+00 -0.3422584E+00  0.3186718E+00 -0.2186441E+00  0.1950576E+00
  0.8451828E-01 -0.1778893E+00  0.1542235E+00 -0.2303750E+00  0.2067092E+00 -0.3433421E+00  0.3196763E+00 -0.2193373E+00  0.1956715E+00
  0.8478482E-01 -0.1784526E+00  0.1547075E+00 -0.2311038E+00  0.2073588E+00 -0.3444272E+00  0.3206821E+00 -0.2200313E+00  0.1962863E+00
  0.8505171E-01 -0.1790166E+00  0.1551923E+00 -0.2318336E+00  0.2080092E+00 -0.3455136E+00  0.3216893E+00 -0.2207262E+00  0.1969019E+00
  0.8531893E-01 -0.1795812E+00  0.1556777E+00 -0.2325642E+00  0.2086606E+00 -0.3466014E+00  0.3226978E+00 -0.2214219E+00  0.1975183E+00
  0.8558650E-01 -0.1801465E+00  0.1561637E+00 -0.2332956E+00  0.2093128E+00 -0.3476905E+00  0.3237077E+00 -0.2221185E+00  0.1981356E+00
  0.8585439E-01 -0.1807125E+00  0.1566504E+00 -0.2340280E+00  0.2099659E+00 -0.3487809E+00  0.3247188E+00 -0.2228158E+00  0.1987537E+00
  0.8612262E-01 -0.1812791E+00  0.1571378E+00 -0.2347612E+00  0.2106198E+00 -0.3498726E+00  0.3257313E+00 -0.2235140E+00  0.1993726E+00
  0.8639118E-01 -0.1818464E+00  0.1576258E+00 -0.2354952E+00  0.2112746E+00 -0.3509656E+00  0.3267450E+00 -0.2242129E+00  0.1999923E+00
  0.8666006E-01 -0.1824143E+00  0.1581145E+00 -0.2362301E+00  0.2119302E+00 -0.3520599E+00  0.3277600E+00 -0.2249127E+00  0.2006129E+00
  0.8692926E-01 -0.1829829E+00  0.1586037E+00 -0.2369658E+00  0.2125867E+00 -0.3531554E+00  0.3287763E+00 -0.2256133E+00  0.2012342E+00
  0.8719878E-01 -0.1835520E+00  0.1590937E+00 -0.2377024E+00  0.2132440E+00 -0.3542522E+00  0.3297938E+00 -0.2263146E+00  0.2018562E+00
  0.8746862E-01 -0.1841218E+00  0.1595842E+00 -0.2384397E+00  0.2139021E+00 -0.3553502E+00  0.3308126E+00 -0.2270167E+00  0.2024791E+00
  0.8773877E-01 -0.1846922E+00  0.1600753E+00 -0.2391779E+00  0.2145610E+00 -0.3564495E+00  0.3318326E+00 -0.2277196E+00  0.2031027E+00
  0.8800923E-01 -0.1852633E+00  0.1605671E+00 -0.2399169E+00  0.2152207E+00 -0.3575500E+00  0.3328538E+00 -0.2284233E+00  0.2037271E+00
  0.8828000E-01 -0.1858349E+00  0.1610595E+00 -0.2406566E+00  0.2158812E+00 -0.3586516E+00  0.3338762E+00 -0.2291277E+00  0.2043523E+00
  0.8855108E-01 -0.1864071E+00  0.1615524E+00 -0.2413972E+00  0.2165425E+00 -0.3597545E+00  0.3348998E+00 -0.2298328E+00  0.2049782E+00
  0.8882245E-01 -0.1869799E+00  0.1620460E+00 -0.2421385E+00  0.2172046E+00 -0.3608586E+00  0.3359246E+00 -0.2305387E+00  0.2056048E+00
  0.8909412E-01 -0.1875533E+00  0.1625401E+00 -0.2428806E+00  0.2178674E+00 -0.3619638E+00  0.3369506E+00 -0.2312454E+00  0.2062322E+00
  0.8936609E-01 -0.1881273E+00  0.1630348E+00 -0.2436235E+00  0.2185310E+00 -0.3630702E+00  0.3379777E+00 -0.2319527E+00  0.2068603E+00
  0.8963836E-01 -0.1887018E+00  0.1635301E+00 -0.2443671E+00  0.2191954E+00 -0.3641777E+00  0.3390060E+00 -0.2326608E+00  0.2074891E+00
  0.8991091E-01 -0.1892770E+00  0.1640260E+00 -0.2451115E+00  0.2198605E+00 -0.3652864E+00  0.3400354E+00 -0.2333696E+00  0.2081186E+00
  0.9018376E-01 -0.1898527E+00  0.1645224E+00 -0.2458566E+00  0.2205264E+00 -0.3663962E+00  0.3410660E+00 -0.2340791E+00  0.2087488E+00
  0.9045688E-01 -0.1904289E+00  0.1650194E+00 -0.2466025E+00  0.2211930E+00 -0.3675071E+00  0.3420976E+00 -0.2347893E+00  0.2093798E+00
  0.9073029E-01 -0.1910057E+00  0.1655170E+00 -0.2473491E+00  0.2218604E+00 -0.3686192E+00  0.3431304E+00 -0.2355002E+00  0.2100114E+00
  0.9100399E-01 -0.1915831E+00  0.1660151E+00 -0.2480964E+00  0.2225284E+00 -0.3697323E+00  0.3441643E+00 -0.2362118E+00  0.2106437E+00
  0.9127796E-01 -0.1921610E+00  0.1665137E+00 -0.2488445E+00  0.2231972E+00 -0.3708466E+00  0.3451993E+00 -0.2369240E+00  0.2112767E+00
