 DIAGONAL OF HAT RESIDUAL VAR    STANDARD RES    INT. STUD. RES  DELETED RES     EXT. STUD. RES  COOKS DISTANCE  DFFITS          
  0.7976048E-02   0.1036254E+01  -0.1255273E+01  -0.1260309E+01  -0.1293267E+01  -0.1261056E+01   0.6385427E-02  -0.1130752E+00
  0.7928240E-02   0.1036304E+01  -0.1198486E+01  -0.1203265E+01  -0.1234701E+01  -0.1203808E+01   0.5785306E-02  -0.1076153E+00
  0.7880624E-02   0.1036354E+01  -0.4499511E+00  -0.4517346E+00  -0.4635252E+00  -0.4513733E+00   0.8104632E-03  -0.4022853E-01
  0.7833199E-02   0.1036403E+01  -0.3491344E+00  -0.3505099E+00  -0.3596500E+00  -0.3502010E+00   0.4849815E-03  -0.3111678E-01
  0.7785967E-02   0.1036453E+01   0.7007554E+00   0.7034995E+00   0.7218270E+00   0.7031423E+00   0.1941801E-02   0.6228691E-01
  0.7738927E-02   0.1036502E+01   0.6548082E+00   0.6573567E+00   0.6744662E+00   0.6569815E+00   0.1685105E-02   0.5802037E-01
  0.7692079E-02   0.1036551E+01  -0.1081859E+01  -0.1086044E+01  -0.1114285E+01  -0.1086240E+01   0.4571537E-02  -0.9563670E-01
  0.7645423E-02   0.1036599E+01  -0.3137560E+00  -0.3149623E+00  -0.3231448E+00  -0.3146773E+00   0.3821394E-03  -0.2762057E-01
  0.7598958E-02   0.1036648E+01  -0.3919913E+00  -0.3934892E+00  -0.4037023E+00  -0.3931551E+00   0.5927922E-03  -0.3440308E-01
  0.7552686E-02   0.1036696E+01  -0.6257963E+00  -0.6281730E+00  -0.6444624E+00  -0.6277908E+00   0.1501490E-02  -0.5476611E-01
  0.7506606E-02   0.1036744E+01  -0.3175534E+00  -0.3187520E+00  -0.3270101E+00  -0.3184643E+00   0.3842305E-03  -0.2769611E-01
  0.7460718E-02   0.1036792E+01  -0.7881375E+00  -0.7910941E+00  -0.8115706E+00  -0.7907965E+00   0.2352118E-02  -0.6856164E-01
  0.7415022E-02   0.1036840E+01  -0.1634437E+01  -0.1640531E+01  -0.1682955E+01  -0.1643329E+01   0.1005272E-01  -0.1420355E+00
  0.7369517E-02   0.1036888E+01   0.1354693E+01   0.1359712E+01   0.1394843E+01   0.1360875E+01   0.6863025E-02   0.1172584E+00
  0.7324205E-02   0.1036935E+01   0.3674999E+00   0.3688532E+00   0.3783745E+00   0.3685330E+00   0.5019149E-03   0.3165577E-01
  0.7279085E-02   0.1036982E+01   0.7109662E+00   0.7135680E+00   0.7319709E+00   0.7132159E+00   0.1866768E-02   0.6107252E-01
  0.7234157E-02   0.1037029E+01   0.6327309E+00   0.6350320E+00   0.6513947E+00   0.6346511E+00   0.1469272E-02   0.5417583E-01
  0.7189421E-02   0.1037076E+01   0.2081328E+00   0.2088850E+00   0.2142625E+00   0.2086843E+00   0.1579836E-03   0.1775839E-01
  0.7144877E-02   0.1037122E+01  -0.6724118E+00  -0.6748269E+00  -0.6921839E+00  -0.6744575E+00   0.1638565E-02  -0.5721488E-01
  0.7100524E-02   0.1037169E+01   0.1098578E+01   0.1102499E+01   0.1130831E+01   0.1102738E+01   0.4346219E-02   0.9325347E-01
  0.7056364E-02   0.1037215E+01  -0.1353319E+01  -0.1358119E+01  -0.1392988E+01  -0.1359274E+01   0.6553933E-02  -0.1145870E+00
  0.7012396E-02   0.1037261E+01  -0.1235869E+01  -0.1240225E+01  -0.1272039E+01  -0.1240897E+01   0.5431172E-02  -0.1042790E+00
  0.6968620E-02   0.1037306E+01   0.4783722E+00   0.4800478E+00   0.4923512E+00   0.4796766E+00   0.8085796E-03   0.4018282E-01
  0.6925036E-02   0.1037352E+01  -0.1419111E+00  -0.1424050E+00  -0.1460516E+00  -0.1422648E+00   0.7070667E-04  -0.1188003E-01
  0.6881644E-02   0.1037397E+01  -0.8414468E+00  -0.8443571E+00  -0.8659598E+00  -0.8441134E+00   0.2470094E-02  -0.7026619E-01
  0.6838443E-02   0.1037442E+01   0.4129340E+00   0.4143532E+00   0.4249451E+00   0.4140084E+00   0.5910834E-03   0.3435404E-01
  0.6795435E-02   0.1037487E+01  -0.1299273E+01  -0.1303710E+01  -0.1337007E+01  -0.1304628E+01   0.5814474E-02  -0.1079136E+00
  0.6752619E-02   0.1037532E+01  -0.3139589E+00  -0.3150243E+00  -0.3230632E+00  -0.3147393E+00   0.3373441E-03  -0.2595125E-01
  0.6709995E-02   0.1037577E+01  -0.7219238E+00  -0.7243581E+00  -0.7428264E+00  -0.7240120E+00   0.1772241E-02  -0.5950710E-01
  0.6667563E-02   0.1037621E+01  -0.1324595E+01  -0.1329034E+01  -0.1362890E+01  -0.1330059E+01   0.5928084E-02  -0.1089701E+00
  0.6625323E-02   0.1037665E+01   0.2278008E+01   0.2285592E+01   0.2343765E+01   0.2295367E+01   0.1742053E-01   0.1874559E+00
  0.6583274E-02   0.1037709E+01  -0.3353292E+00  -0.3364385E+00  -0.3449943E+00  -0.3361387E+00   0.3750522E-03  -0.2736363E-01
  0.6541418E-02   0.1037753E+01  -0.1918384E+01  -0.1924689E+01  -0.1973594E+01  -0.1929947E+01   0.1219588E-01  -0.1566053E+00
  0.6499754E-02   0.1037796E+01  -0.6278010E+00  -0.6298513E+00  -0.6458417E+00  -0.6294694E+00   0.1297702E-02  -0.5091422E-01
  0.6458282E-02   0.1037839E+01  -0.1295049E+01  -0.1299251E+01  -0.1332208E+01  -0.1300151E+01   0.5486394E-02  -0.1048237E+00
  0.6417002E-02   0.1037883E+01  -0.4291030E+00  -0.4304864E+00  -0.4413970E+00  -0.4301340E+00   0.5984349E-03  -0.3456749E-01
  0.6375914E-02   0.1037925E+01   0.5278364E+00   0.5295272E+00   0.5429368E+00   0.5291443E+00   0.8996360E-03   0.4238715E-01
  0.6335017E-02   0.1037968E+01   0.4133993E+00   0.4147150E+00   0.4252084E+00   0.4143700E+00   0.5482484E-03   0.3308584E-01
  0.6294313E-02   0.1038011E+01  -0.2959207E+00  -0.2968565E+00  -0.3043615E+00  -0.2965845E+00   0.2790960E-03  -0.2360444E-01
  0.6253801E-02   0.1038053E+01   0.2647561E+00   0.2655879E+00   0.2722968E+00   0.2653399E+00   0.2219500E-03   0.2104926E-01
  0.6213481E-02   0.1038095E+01  -0.1116743E+01  -0.1120228E+01  -0.1148503E+01  -0.1120516E+01   0.3923060E-02  -0.8860105E-01
  0.6173353E-02   0.1038137E+01   0.6229376E+00   0.6248693E+00   0.6406280E+00   0.6244865E+00   0.1212715E-02   0.4921849E-01
  0.6133417E-02   0.1038179E+01   0.3356698E+01   0.3367040E+01   0.3451885E+01   0.3402611E+01   0.3498170E-01   0.2673003E+00
  0.6093672E-02   0.1038220E+01  -0.1636170E+01  -0.1641178E+01  -0.1682500E+01  -0.1643982E+01   0.8256867E-02  -0.1287253E+00
  0.6054120E-02   0.1038262E+01   0.8236312E+00   0.8261358E+00   0.8469194E+00   0.8258720E+00   0.2078553E-02   0.6445504E-01
  0.6014760E-02   0.1038303E+01  -0.1152750E+01  -0.1156233E+01  -0.1185298E+01  -0.1156625E+01   0.4044819E-02  -0.8997291E-01
  0.5975592E-02   0.1038344E+01  -0.3523592E+00  -0.3534168E+00  -0.3622936E+00  -0.3531060E+00   0.3754293E-03  -0.2737771E-01
  0.5936616E-02   0.1038384E+01   0.2926566E-01   0.2935292E-01   0.3008959E-01   0.2932346E-01   0.2572749E-05   0.2266092E-02
  0.5897832E-02   0.1038425E+01   0.3463144E+00   0.3473402E+00   0.3560505E+00   0.3470334E+00   0.3578834E-03   0.2673018E-01
  0.5859239E-02   0.1038465E+01   0.9050344E+00   0.9076976E+00   0.9304419E+00   0.9075368E+00   0.2427983E-02   0.6967243E-01
  0.5820839E-02   0.1038505E+01   0.4002054E+00   0.4013753E+00   0.4114247E+00   0.4010370E+00   0.4716200E-03   0.3068633E-01
  0.5782631E-02   0.1038545E+01  -0.1558683E-01  -0.1563210E-01  -0.1602318E-01  -0.1561640E-01   0.7106383E-06  -0.1190976E-02
  0.5744615E-02   0.1038585E+01   0.6468463E+00   0.6487123E+00   0.6649289E+00   0.6483346E+00   0.1215730E-02   0.4928114E-01
  0.5706791E-02   0.1038624E+01  -0.1112325E+01  -0.1115512E+01  -0.1143376E+01  -0.1115787E+01   0.3571053E-02  -0.8453176E-01
  0.5669159E-02   0.1038664E+01  -0.4058625E+00  -0.4070178E+00  -0.4171767E+00  -0.4066766E+00   0.4722637E-03  -0.3070740E-01
  0.5631719E-02   0.1038703E+01  -0.1058434E+01  -0.1061427E+01  -0.1087899E+01  -0.1061562E+01   0.3190390E-02  -0.7988997E-01
  0.5594470E-02   0.1038742E+01   0.7135344E+00   0.7155387E+00   0.7333704E+00   0.7151877E+00   0.1440230E-02   0.5364358E-01
  0.5557414E-02   0.1038780E+01   0.1447393E+01   0.1451431E+01   0.1487574E+01   0.1453050E+01   0.5886485E-02   0.1086243E+00
  0.5520550E-02   0.1038819E+01  -0.3372176E+00  -0.3381522E+00  -0.3465663E+00  -0.3378513E+00   0.3173811E-03  -0.2517207E-01
  0.5483878E-02   0.1038857E+01   0.7674641E+00   0.7695772E+00   0.7887117E+00   0.7692617E+00   0.1632865E-02   0.5712314E-01
  0.5447398E-02   0.1038895E+01  -0.4878176E+00  -0.4891517E+00  -0.5013047E+00  -0.4887778E+00   0.6552673E-03  -0.3617363E-01
  0.5411110E-02   0.1038933E+01   0.3517107E+00   0.3526661E+00   0.3614215E+00   0.3523558E+00   0.3383297E-03   0.2598979E-01
  0.5375014E-02   0.1038971E+01  -0.1214711E+01  -0.1217988E+01  -0.1248204E+01  -0.1218581E+01   0.4008450E-02  -0.8958072E-01
  0.5339109E-02   0.1039009E+01  -0.4740959E-01  -0.4753666E-01  -0.4871506E-01  -0.4748902E-01   0.6064866E-05  -0.3479286E-02
  0.5303397E-02   0.1039046E+01  -0.1129254E+00  -0.1132260E+00  -0.1160307E+00  -0.1131137E+00   0.3417636E-04  -0.8259372E-02
  0.5267877E-02   0.1039083E+01  -0.2097508E+00  -0.2103054E+00  -0.2155110E+00  -0.2101035E+00   0.1171117E-03  -0.1528967E-01
  0.5232549E-02   0.1039120E+01   0.9066720E+00   0.9090535E+00   0.9315382E+00   0.9088948E+00   0.2173405E-02   0.6591883E-01
  0.5197413E-02   0.1039157E+01   0.5985066E+00   0.6000681E+00   0.6148994E+00   0.5996821E+00   0.9406355E-03   0.4334572E-01
  0.5162469E-02   0.1039193E+01  -0.3730316E+00  -0.3739982E+00  -0.3832353E+00  -0.3736750E+00   0.3629228E-03  -0.2691824E-01
  0.5127717E-02   0.1039229E+01  -0.4277846E+00  -0.4288857E+00  -0.4394707E+00  -0.4285340E+00   0.4740343E-03  -0.3076547E-01
  0.5093156E-02   0.1039265E+01   0.1021303E+01   0.1023914E+01   0.1049166E+01   0.1023964E+01   0.2683499E-02   0.7326336E-01
  0.5058788E-02   0.1039301E+01   0.3215311E-01   0.3223475E-01   0.3302916E-01   0.3220240E-01   0.2641603E-05   0.2296216E-02
  0.5024612E-02   0.1039337E+01   0.7386154E+00   0.7404781E+00   0.7587139E+00   0.7401418E+00   0.1384473E-02   0.5259689E-01
  0.4990628E-02   0.1039373E+01   0.5918903E+00   0.5933728E+00   0.6079755E+00   0.5929864E+00   0.8829850E-03   0.4199608E-01
  0.4956836E-02   0.1039408E+01  -0.2002857E+01  -0.2007839E+01  -0.2057216E+01  -0.2013991E+01   0.1004131E-01  -0.1421473E+00
  0.4923236E-02   0.1039443E+01  -0.2876371E+00  -0.2883478E+00  -0.2954339E+00  -0.2880822E+00   0.2056824E-03  -0.2026345E-01
  0.4889828E-02   0.1039478E+01   0.3914293E+00   0.3923898E+00   0.4020261E+00   0.3920563E+00   0.3782927E-03   0.2748271E-01
  0.4856611E-02   0.1039513E+01  -0.5351013E+00  -0.5364054E+00  -0.5495692E+00  -0.5360215E+00   0.7021082E-03  -0.3744605E-01
  0.4823587E-02   0.1039547E+01   0.4717378E+00   0.4728797E+00   0.4844764E+00   0.4725107E+00   0.5419277E-03   0.3289627E-01
  0.4790755E-02   0.1039581E+01   0.8465137E+00   0.8485487E+00   0.8693439E+00   0.8483098E+00   0.1733058E-02   0.5885716E-01
  0.4758115E-02   0.1039615E+01   0.3358141E+00   0.3366159E+00   0.3448596E+00   0.3363160E+00   0.2708604E-03   0.2325416E-01
  0.4725667E-02   0.1039649E+01   0.2751587E+01   0.2758111E+01   0.2825611E+01   0.2776629E+01   0.1805984E-01   0.1913278E+00
  0.4693411E-02   0.1039683E+01  -0.4576118E+00  -0.4586895E+00  -0.4699075E+00  -0.4583255E+00   0.4960657E-03  -0.3147313E-01
  0.4661347E-02   0.1039716E+01  -0.6219486E+00  -0.6234032E+00  -0.6386393E+00  -0.6230201E+00   0.9100151E-03  -0.4263560E-01
  0.4629475E-02   0.1039750E+01  -0.1582724E+01  -0.1586400E+01  -0.1625146E+01  -0.1588827E+01   0.5852515E-02  -0.1083552E+00
  0.4597794E-02   0.1039783E+01   0.3604687E+00   0.3613002E+00   0.3701186E+00   0.3609846E+00   0.3014792E-03   0.2453376E-01
  0.4566306E-02   0.1039816E+01  -0.7587055E-01  -0.7604437E-01  -0.7789919E-01  -0.7596842E-01   0.1326346E-04  -0.5145285E-02
  0.4535010E-02   0.1039848E+01  -0.8996664E+00  -0.9017134E+00  -0.9236928E+00  -0.9015439E+00   0.1852078E-02  -0.6085034E-01
  0.4503906E-02   0.1039881E+01   0.1282262E+01   0.1285160E+01   0.1316465E+01   0.1286003E+01   0.3736233E-02   0.8650015E-01
  0.4472994E-02   0.1039913E+01  -0.4053089E-01  -0.4062184E-01  -0.4161071E-01  -0.4058111E-01   0.3707102E-05  -0.2720173E-02
  0.4442274E-02   0.1039945E+01   0.6199454E+00   0.6213270E+00   0.6364423E+00   0.6209436E+00   0.8612898E-03   0.4147836E-01
  0.4411746E-02   0.1039977E+01   0.5475807E+00   0.5487926E+00   0.5621347E+00   0.5484071E+00   0.6672939E-03   0.3650635E-01
  0.4381410E-02   0.1040009E+01  -0.1079260E+00  -0.1081632E+00  -0.1107911E+00  -0.1080558E+00   0.2574244E-04  -0.7168173E-02
  0.4351265E-02   0.1040040E+01   0.1249782E+00   0.1252510E+00   0.1282922E+00   0.1251271E+00   0.3428008E-04   0.8271919E-02
  0.4321313E-02   0.1040072E+01  -0.1772151E+01  -0.1775992E+01  -0.1819087E+01  -0.1779854E+01   0.6844611E-02  -0.1172553E+00
  0.4291553E-02   0.1040103E+01  -0.1104826E+01  -0.1107204E+01  -0.1134054E+01  -0.1107456E+01   0.2641847E-02  -0.7270555E-01
  0.4261985E-02   0.1040134E+01   0.3677442E+00   0.3685303E+00   0.3774616E+00   0.3682104E+00   0.2906587E-03   0.2408959E-01
  0.4232609E-02   0.1040164E+01   0.5937993E+00   0.5950600E+00   0.6094721E+00   0.5946737E+00   0.7525611E-03   0.3877072E-01
  0.4203425E-02   0.1040195E+01  -0.3591488E+00  -0.3599060E+00  -0.3686174E+00  -0.3595912E+00   0.2733889E-03  -0.2336283E-01
  0.4174433E-02   0.1040225E+01  -0.2572310E+01  -0.2577695E+01  -0.2640049E+01  -0.2592459E+01   0.1392667E-01  -0.1678491E+00
  0.4145633E-02   0.1040255E+01   0.2126131E+01   0.2130552E+01   0.2182057E+01   0.2138178E+01   0.9448200E-02   0.1379563E+00
  0.4117024E-02   0.1040285E+01   0.3816360E+00   0.3824240E+00   0.3916635E+00   0.3820960E+00   0.3022982E-03   0.2456745E-01
  0.4088608E-02   0.1040315E+01  -0.9069122E+00  -0.9087719E+00  -0.9307147E+00  -0.9086128E+00   0.1695253E-02  -0.5821786E-01
  0.4060384E-02   0.1040344E+01   0.1866964E+01   0.1870766E+01   0.1915910E+01   0.1875489E+01   0.7134164E-02   0.1197516E+00
  0.4032352E-02   0.1040374E+01  -0.1020332E+01  -0.1022395E+01  -0.1047052E+01  -0.1022442E+01   0.2116026E-02  -0.6505719E-01
  0.4004512E-02   0.1040403E+01  -0.1145532E+01  -0.1147832E+01  -0.1175498E+01  -0.1148199E+01   0.2648617E-02  -0.7280536E-01
  0.3976864E-02   0.1040431E+01   0.4718451E+00   0.4727861E+00   0.4841746E+00   0.4724172E+00   0.4462423E-03   0.2985117E-01
  0.3949408E-02   0.1040460E+01   0.7170762E-01   0.7184964E-01   0.7357935E-01   0.7177784E-01   0.1023457E-04   0.4519763E-02
  0.3922144E-02   0.1040489E+01  -0.7550235E+00  -0.7565086E+00  -0.7747101E+00  -0.7561833E+00   0.1126751E-02  -0.4745065E-01
  0.3895072E-02   0.1040517E+01   0.1569755E+01   0.1572821E+01   0.1610642E+01   0.1575159E+01   0.4836589E-02   0.9849847E-01
  0.3868191E-02   0.1040545E+01  -0.1161971E+01  -0.1164225E+01  -0.1192204E+01  -0.1164642E+01   0.2631692E-02  -0.7257514E-01
  0.3841503E-02   0.1040573E+01  -0.9261318E+00  -0.9279158E+00  -0.9502029E+00  -0.9277861E+00   0.1660198E-02  -0.5761482E-01
  0.3815007E-02   0.1040601E+01  -0.1571854E+01  -0.1574861E+01  -0.1612665E+01  -0.1577211E+01   0.4749084E-02  -0.9760400E-01
  0.3788703E-02   0.1040628E+01   0.1785887E+00   0.1789280E+00   0.1832207E+00   0.1787540E+00   0.6087873E-04   0.1102365E-01
  0.3762591E-02   0.1040655E+01  -0.2548152E+00  -0.2552960E+00  -0.2614174E+00  -0.2550562E+00   0.1230785E-03  -0.1567466E-01
  0.3736671E-02   0.1040682E+01  -0.2958703E+00  -0.2964247E+00  -0.3035284E+00  -0.2961530E+00   0.1647819E-03  -0.1813726E-01
  0.3710943E-02   0.1040709E+01  -0.5805535E+00  -0.5816337E+00  -0.5955647E+00  -0.5812469E+00   0.6300399E-03  -0.3547400E-01
  0.3685407E-02   0.1040736E+01  -0.5355072E+00  -0.5364967E+00  -0.5493395E+00  -0.5361127E+00   0.5323448E-03  -0.3260623E-01
  0.3660063E-02   0.1040762E+01   0.1538543E-01   0.1541367E-01   0.1578244E-01   0.1539819E-01   0.4363781E-06   0.9332760E-03
  0.3634911E-02   0.1040789E+01  -0.4767241E+00  -0.4775928E+00  -0.4890132E+00  -0.4772224E+00   0.4160647E-03  -0.2882428E-01
  0.3609950E-02   0.1040815E+01   0.9488814E+00   0.9505987E+00   0.9733176E+00   0.9505066E+00   0.1636953E-02   0.5721252E-01
  0.3585182E-02   0.1040841E+01   0.1670998E+01   0.1674002E+01   0.1713989E+01   0.1677046E+01   0.5041422E-02   0.1005959E+00
  0.3560606E-02   0.1040866E+01   0.2622067E+01   0.2626748E+01   0.2689459E+01   0.2642479E+01   0.1232764E-01   0.1579603E+00
  0.3536222E-02   0.1040892E+01   0.2750280E+01   0.2755156E+01   0.2820898E+01   0.2773608E+01   0.1346915E-01   0.1652282E+00
  0.3512030E-02   0.1040917E+01  -0.1499964E+01  -0.1502605E+01  -0.1538441E+01  -0.1504510E+01   0.3978741E-02  -0.8931781E-01
  0.3488030E-02   0.1040942E+01  -0.4813835E+00  -0.4822253E+00  -0.4937200E+00  -0.4818534E+00   0.4069749E-03  -0.2850780E-01
  0.3464222E-02   0.1040967E+01   0.2024404E+01   0.2027920E+01   0.2076234E+01   0.2034300E+01   0.7147997E-02   0.1199420E+00
  0.3440606E-02   0.1040992E+01   0.1410970E+01   0.1413403E+01   0.1447060E+01   0.1414824E+01   0.3448530E-02   0.8313202E-01
  0.3417182E-02   0.1041016E+01  -0.1070280E+01  -0.1072113E+01  -0.1097630E+01  -0.1072274E+01   0.1970633E-02  -0.6278895E-01
  0.3393950E-02   0.1041040E+01   0.4658879E+00   0.4666805E+00   0.4777822E+00   0.4663137E+00   0.3708440E-03   0.2721254E-01
  0.3370909E-02   0.1041064E+01   0.1182134E+01   0.1184132E+01   0.1212287E+01   0.1184611E+01   0.2371285E-02   0.6889420E-01
  0.3348061E-02   0.1041088E+01   0.2859351E+00   0.2864149E+00   0.2932216E+00   0.2861508E+00   0.1377880E-03   0.1658517E-01
  0.3325405E-02   0.1041112E+01  -0.2443330E+00  -0.2447403E+00  -0.2505537E+00  -0.2445092E+00   0.9992454E-04  -0.1412345E-01
  0.3302941E-02   0.1041135E+01   0.7018437E+00   0.7030056E+00   0.7196962E+00   0.7026482E+00   0.8188894E-03   0.4044890E-01
  0.3280669E-02   0.1041159E+01   0.1077598E+01   0.1079370E+01   0.1104984E+01   0.1079549E+01   0.1917345E-02   0.6193516E-01
  0.3258589E-02   0.1041182E+01   0.1064917E+01   0.1066657E+01   0.1091957E+01   0.1066804E+01   0.1859800E-02   0.6099698E-01
  0.3236701E-02   0.1041205E+01   0.2058980E+00   0.2062320E+00   0.2111214E+00   0.2060337E+00   0.6905463E-04   0.1174069E-01
  0.3215005E-02   0.1041227E+01  -0.1160924E+01  -0.1162795E+01  -0.1190349E+01  -0.1163207E+01   0.2180502E-02  -0.6606130E-01
  0.3193501E-02   0.1041250E+01  -0.3321587E+00  -0.3326904E+00  -0.3405703E+00  -0.3323931E+00   0.1772991E-03  -0.1881395E-01
  0.3172189E-02   0.1041272E+01  -0.1110947E+01  -0.1112713E+01  -0.1139056E+01  -0.1112980E+01   0.1970042E-02  -0.6278513E-01
  0.3151069E-02   0.1041294E+01   0.2588520E+01   0.2592608E+01   0.2653959E+01   0.2607662E+01   0.1062362E-01   0.1466107E+00
  0.3130141E-02   0.1041316E+01   0.7589026E+00   0.7600931E+00   0.7780716E+00   0.7597704E+00   0.9070452E-03   0.4257406E-01
  0.3109404E-02   0.1041338E+01   0.4389960E+00   0.4396802E+00   0.4500753E+00   0.4393238E+00   0.3014904E-03   0.2453576E-01
  0.3088860E-02   0.1041359E+01   0.2197266E+01   0.2200668E+01   0.2252674E+01   0.2209225E+01   0.7502755E-02   0.1229733E+00
  0.3068508E-02   0.1041380E+01   0.1124950E+01   0.1126680E+01   0.1153294E+01   0.1126986E+01   0.1953589E-02   0.6252438E-01
  0.3048348E-02   0.1041401E+01  -0.1641021E+01  -0.1643528E+01  -0.1682334E+01  -0.1646348E+01   0.4129665E-02  -0.9103679E-01
  0.3028380E-02   0.1041422E+01   0.3745750E+00   0.3751435E+00   0.3839972E+00   0.3748196E+00   0.2137433E-03   0.2065790E-01
  0.3008604E-02   0.1041443E+01   0.1107455E+01   0.1109125E+01   0.1135290E+01   0.1109381E+01   0.1856112E-02   0.6094214E-01
  0.2989020E-02   0.1041463E+01   0.1361884E+01   0.1363924E+01   0.1396087E+01   0.1365106E+01   0.2788556E-02   0.7474479E-01
  0.2969628E-02   0.1041484E+01   0.7954145E+00   0.7965982E+00   0.8153746E+00   0.7963055E+00   0.9450228E-03   0.4345868E-01
  0.2950428E-02   0.1041504E+01   0.3884281E+00   0.3890024E+00   0.3981676E+00   0.3886707E+00   0.2238942E-03   0.2114297E-01
  0.2931420E-02   0.1041524E+01   0.3101928E+00   0.3106484E+00   0.3179646E+00   0.3103665E+00   0.1418605E-03   0.1682873E-01
  0.2912604E-02   0.1041543E+01  -0.9088872E+00  -0.9102137E+00  -0.9316414E+00  -0.9100567E+00   0.1210054E-02  -0.4918612E-01
  0.2893980E-02   0.1041563E+01   0.2363008E+01   0.2366435E+01   0.2422121E+01   0.2377463E+01   0.8126680E-02   0.1280828E+00
  0.2875548E-02   0.1041582E+01  -0.9166370E+00  -0.9179578E+00  -0.9395504E+00  -0.9178125E+00   0.1215029E-02  -0.4928782E-01
  0.2857307E-02   0.1041601E+01   0.1012858E+01   0.1014308E+01   0.1038157E+01   0.1014337E+01   0.1474040E-02   0.5429780E-01
  0.2839259E-02   0.1041620E+01   0.2272943E-01   0.2276177E-01   0.2329676E-01   0.2273892E-01   0.7376018E-06   0.1213360E-02
  0.2821403E-02   0.1041638E+01  -0.5486326E+00  -0.5494082E+00  -0.5623163E+00  -0.5490227E+00   0.4270241E-03  -0.2920360E-01
  0.2803739E-02   0.1041657E+01   0.1979452E+00   0.1982233E+00   0.2028787E+00   0.1980320E+00   0.5523781E-04   0.1050059E-01
  0.2786267E-02   0.1041675E+01  -0.8528455E+00  -0.8540361E+00  -0.8740859E+00  -0.8538037E+00   0.1018960E-02  -0.4513103E-01
  0.2768987E-02   0.1041693E+01   0.8271507E+00   0.8282982E+00   0.8477365E+00   0.8280368E+00   0.9525080E-03   0.4363271E-01
  0.2751899E-02   0.1041711E+01  -0.6844787E+00  -0.6854224E+00  -0.7015017E+00  -0.6850571E+00   0.6482102E-03  -0.3598665E-01
  0.2735003E-02   0.1041729E+01  -0.3605809E+00  -0.3610750E+00  -0.3695423E+00  -0.3607595E+00   0.1787772E-03  -0.1889259E-01
  0.2718299E-02   0.1041746E+01   0.3360972E+00   0.3365549E+00   0.3444443E+00   0.3362551E+00   0.1543694E-03   0.1755531E-01
  0.2701787E-02   0.1041763E+01  -0.9064650E+00  -0.9076921E+00  -0.9289622E+00  -0.9075313E+00   0.1116023E-02  -0.4723616E-01
  0.2685467E-02   0.1041780E+01  -0.7802093E+00  -0.7812590E+00  -0.7995599E+00  -0.7809530E+00   0.8217652E-03  -0.4052460E-01
  0.2669339E-02   0.1041797E+01  -0.1374075E+01  -0.1375913E+01  -0.1408132E+01  -0.1377151E+01   0.2533473E-02  -0.7124653E-01
  0.2653403E-02   0.1041814E+01  -0.1440569E+01  -0.1442484E+01  -0.1476251E+01  -0.1444055E+01   0.2767893E-02  -0.7448389E-01
  0.2637659E-02   0.1041830E+01  -0.1157418E+00  -0.1158947E+00  -0.1186067E+00  -0.1157798E+00   0.1776081E-04  -0.5954095E-02
  0.2622106E-02   0.1041847E+01   0.1424339E+01   0.1426211E+01   0.1459573E+01   0.1427697E+01   0.2673794E-02   0.7320339E-01
  0.2606746E-02   0.1041863E+01   0.6396806E+00   0.6405160E+00   0.6554941E+00   0.6401363E+00   0.5361204E-03   0.3272568E-01
  0.2591578E-02   0.1041879E+01  -0.9345680E+00  -0.9357813E+00  -0.9576568E+00  -0.9356643E+00   0.1137654E-02  -0.4769422E-01
  0.2576602E-02   0.1041894E+01   0.2844152E+01   0.2847823E+01   0.2914374E+01   0.2868415E+01   0.1047524E-01   0.1457894E+00
  0.2561818E-02   0.1041910E+01   0.1651489E+01   0.1653609E+01   0.1692240E+01   0.1656502E+01   0.3511542E-02   0.8395046E-01
  0.2547226E-02   0.1041925E+01   0.7357215E+00   0.7366603E+00   0.7538642E+00   0.7363216E+00   0.6929146E-03   0.3720961E-01
  0.2532826E-02   0.1041940E+01  -0.4246529E+00  -0.4251917E+00  -0.4351185E+00  -0.4248418E+00   0.2295337E-03  -0.2140822E-01
  0.2518618E-02   0.1041955E+01   0.7299285E+00   0.7308494E+00   0.7479069E+00   0.7305071E+00   0.6743469E-03   0.3670737E-01
  0.2504602E-02   0.1041969E+01   0.1458470E+00   0.1460299E+00   0.1494371E+00   0.1458864E+00   0.2677205E-04   0.7310190E-02
  0.2490778E-02   0.1041984E+01  -0.1662322E+00  -0.1664396E+00  -0.1703218E+00  -0.1662770E+00   0.3458607E-04  -0.8308856E-02
  0.2477146E-02   0.1041998E+01  -0.4685270E+00  -0.4691084E+00  -0.4800470E+00  -0.4687407E+00   0.2732405E-03  -0.2335861E-01
  0.2463706E-02   0.1042012E+01   0.5109162E+00   0.5115467E+00   0.5234714E+00   0.5111672E+00   0.3231474E-03   0.2540347E-01
  0.2450458E-02   0.1042026E+01   0.2262330E+00   0.2265107E+00   0.2317893E+00   0.2262948E+00   0.6301735E-04   0.1121582E-01
  0.2437402E-02   0.1042040E+01  -0.6053903E+00  -0.6061295E+00  -0.6202508E+00  -0.6057441E+00   0.4488361E-03  -0.2994213E-01
  0.2424538E-02   0.1042053E+01  -0.2589887E+00  -0.2593033E+00  -0.2653427E+00  -0.2590603E+00   0.8170887E-04  -0.1277152E-01
  0.2411866E-02   0.1042066E+01   0.4102934E+00   0.4107891E+00   0.4203541E+00   0.4104460E+00   0.2039903E-03   0.2018166E-01
  0.2399386E-02   0.1042079E+01   0.5463334E+00   0.5469900E+00   0.5597229E+00   0.5466047E+00   0.3598091E-03   0.2680681E-01
  0.2387098E-02   0.1042092E+01  -0.5367454E+00  -0.5373872E+00  -0.5498931E+00  -0.5370031E+00   0.3455037E-03  -0.2626823E-01
  0.2375002E-02   0.1042105E+01   0.1883070E+00   0.1885310E+00   0.1929173E+00   0.1883484E+00   0.4230895E-04   0.9189886E-02
  0.2363097E-02   0.1042117E+01  -0.3263063E+00  -0.3266925E+00  -0.3342912E+00  -0.3263993E+00   0.1264030E-03  -0.1588561E-01
  0.2351385E-02   0.1042129E+01   0.1343906E+01   0.1345488E+01   0.1376776E+01   0.1346587E+01   0.2133419E-02   0.6537436E-01
  0.2339865E-02   0.1042141E+01  -0.1259647E+01  -0.1261123E+01  -0.1290441E+01  -0.1261873E+01   0.1865063E-02  -0.6111106E-01
  0.2328537E-02   0.1042153E+01  -0.5267673E+00  -0.5273816E+00  -0.5396389E+00  -0.5269991E+00   0.3245754E-03  -0.2545996E-01
  0.2317401E-02   0.1042165E+01  -0.8055799E+00  -0.8065149E+00  -0.8252552E+00  -0.8062315E+00   0.7554464E-03  -0.3885654E-01
  0.2306457E-02   0.1042176E+01   0.2394178E+00   0.2396944E+00   0.2452626E+00   0.2394674E+00   0.6641008E-04   0.1151385E-01
  0.2295705E-02   0.1042188E+01  -0.1046195E+01  -0.1047398E+01  -0.1071724E+01  -0.1047500E+01   0.1262141E-02  -0.5024714E-01
  0.2285145E-02   0.1042199E+01   0.1054369E-01   0.1055576E-01   0.1080086E-01   0.1054515E-01   0.1276016E-06   0.5046690E-03
  0.2274777E-02   0.1042209E+01   0.4723995E+00   0.4729377E+00   0.4839166E+00   0.4725688E+00   0.2549798E-03   0.2256467E-01
  0.2264601E-02   0.1042220E+01  -0.4580448E+00  -0.4585643E+00  -0.4692071E+00  -0.4582004E+00   0.2386420E-03  -0.2182949E-01
  0.2254617E-02   0.1042231E+01  -0.8718258E-01  -0.8728103E-01  -0.8930629E-01  -0.8719402E-01   0.8607218E-05  -0.4144892E-02
  0.2244825E-02   0.1042241E+01   0.1146651E+01   0.1147941E+01   0.1174571E+01   0.1148308E+01   0.1482406E-02   0.5446751E-01
  0.2235225E-02   0.1042251E+01   0.1343354E+01   0.1344858E+01   0.1376050E+01   0.1345953E+01   0.2025889E-02   0.6370543E-01
  0.2225817E-02   0.1042261E+01   0.1731828E+01   0.1733758E+01   0.1773962E+01   0.1737268E+01   0.3352774E-02   0.8205316E-01
  0.2216601E-02   0.1042270E+01  -0.1033165E+01  -0.1034312E+01  -0.1058292E+01  -0.1034385E+01   0.1188296E-02  -0.4875373E-01
  0.2207577E-02   0.1042280E+01   0.1611559E+01   0.1613341E+01   0.1650737E+01   0.1615948E+01   0.2879372E-02   0.7600905E-01
  0.2198745E-02   0.1042289E+01   0.4717313E+00   0.4722508E+00   0.4831953E+00   0.4718820E+00   0.2457232E-03   0.2215128E-01
  0.2190105E-02   0.1042298E+01  -0.5859084E+00  -0.5865511E+00  -0.6001419E+00  -0.5861644E+00   0.3775711E-03  -0.2746173E-01
  0.2181657E-02   0.1042307E+01  -0.5780422E+00  -0.5786738E+00  -0.5920796E+00  -0.5782870E+00   0.3660771E-03  -0.2704026E-01
  0.2173401E-02   0.1042315E+01   0.5980646E+00   0.5987155E+00   0.6125831E+00   0.5983295E+00   0.3903874E-03   0.2792433E-01
  0.2165337E-02   0.1042324E+01  -0.9266539E-01  -0.9276588E-01  -0.9491416E-01  -0.9267349E-01   0.9337129E-05  -0.4317069E-02
  0.2157465E-02   0.1042332E+01  -0.1344033E+01  -0.1345486E+01  -0.1376639E+01  -0.1346584E+01   0.1957086E-02  -0.6261440E-01
  0.2149785E-02   0.1042340E+01   0.8369168E+00   0.8378179E+00   0.8572134E+00   0.8375668E+00   0.7561341E-03   0.3887624E-01
  0.2142297E-02   0.1042348E+01  -0.5220781E+00  -0.5226382E+00  -0.5347353E+00  -0.5222564E+00   0.2932130E-03  -0.2419855E-01
  0.2135001E-02   0.1042355E+01   0.1573749E+01   0.1575432E+01   0.1611891E+01   0.1577786E+01   0.2655189E-02   0.7298123E-01
  0.2127897E-02   0.1042363E+01   0.4202237E+00   0.4206715E+00   0.4304054E+00   0.4203236E+00   0.1886826E-03   0.1940982E-01
  0.2120984E-02   0.1042370E+01  -0.6002358E+00  -0.6008734E+00  -0.6147748E+00  -0.6004875E+00   0.3837033E-03  -0.2768431E-01
  0.2114264E-02   0.1042377E+01   0.3253939E+00   0.3257385E+00   0.3332734E+00   0.3254459E+00   0.1124052E-03   0.1498022E-01
  0.2107736E-02   0.1042384E+01  -0.3271774E+00  -0.3275228E+00  -0.3350979E+00  -0.3272290E+00   0.1132885E-03  -0.1503897E-01
  0.2101400E-02   0.1042391E+01  -0.1125534E+01  -0.1126719E+01  -0.1152774E+01  -0.1127024E+01   0.1336668E-02  -0.5171833E-01
  0.2095256E-02   0.1042397E+01   0.5231523E+00   0.5237012E+00   0.5358103E+00   0.5233193E+00   0.2879289E-03   0.2397954E-01
  0.2089304E-02   0.1042403E+01  -0.8133388E+00  -0.8141898E+00  -0.8330131E+00  -0.8139138E+00   0.6939551E-03  -0.3724204E-01
  0.2083544E-02   0.1042409E+01  -0.1430782E+00  -0.1432275E+00  -0.1465384E+00  -0.1430866E+00   0.2141567E-04  -0.6538125E-02
  0.2077976E-02   0.1042415E+01  -0.1117552E+01  -0.1118715E+01  -0.1144572E+01  -0.1118998E+01   0.1303025E-02  -0.5106240E-01
  0.2072600E-02   0.1042421E+01   0.8951093E+00   0.8960383E+00   0.9167462E+00   0.8958607E+00   0.8337575E-03   0.4082712E-01
  0.2067416E-02   0.1042426E+01   0.6710885E+00   0.6717833E+00   0.6873068E+00   0.6714127E+00   0.4674715E-03   0.3055997E-01
  0.2062424E-02   0.1042431E+01   0.1022382E+01   0.1023438E+01   0.1047085E+01   0.1023487E+01   0.1082350E-02   0.4652856E-01
  0.2057624E-02   0.1042436E+01   0.5439707E+00   0.5445312E+00   0.5571114E+00   0.5441462E+00   0.3056864E-03   0.2470847E-01
  0.2053016E-02   0.1042441E+01  -0.4793827E-01  -0.4798756E-01  -0.4909610E-01  -0.4793947E-01   0.2368712E-05  -0.2174381E-02
  0.2048600E-02   0.1042446E+01  -0.9216339E+00  -0.9225794E+00  -0.9438893E+00  -0.9224412E+00   0.8736255E-03  -0.4179387E-01
  0.2044376E-02   0.1042450E+01  -0.4284684E+00  -0.4289071E+00  -0.4388131E+00  -0.4285554E+00   0.1884282E-03  -0.1939687E-01
  0.2040344E-02   0.1042454E+01  -0.2053485E+00  -0.2055583E+00  -0.2103055E+00  -0.2053606E+00   0.4319472E-04  -0.9285649E-02
  0.2036504E-02   0.1042458E+01  -0.1121116E+01  -0.1122260E+01  -0.1148175E+01  -0.1122553E+01   0.1285072E-02  -0.5070983E-01
  0.2032856E-02   0.1042462E+01  -0.1031062E+01  -0.1032112E+01  -0.1055944E+01  -0.1032180E+01   0.1084961E-02  -0.4658548E-01
  0.2029400E-02   0.1042466E+01   0.6234946E+00   0.6241282E+00   0.6385383E+00   0.6237453E+00   0.3960660E-03   0.2812757E-01
  0.2026136E-02   0.1042469E+01  -0.3186908E+00  -0.3190142E+00  -0.3263792E+00  -0.3187263E+00   0.1033093E-03  -0.1436126E-01
  0.2023064E-02   0.1042472E+01  -0.1192386E+01  -0.1193594E+01  -0.1221149E+01  -0.1194105E+01   0.1444018E-02  -0.5376343E-01
  0.2020184E-02   0.1042475E+01   0.1177647E+00   0.1178838E+00   0.1206050E+00   0.1177670E+00   0.1406525E-04   0.5298566E-02
  0.2017496E-02   0.1042478E+01  -0.1998532E+01  -0.2000551E+01  -0.2046728E+01  -0.2006621E+01   0.4045377E-02  -0.9022153E-01
  0.2015000E-02   0.1042481E+01  -0.1931960E+01  -0.1933910E+01  -0.1978546E+01  -0.1939263E+01   0.3775664E-02  -0.8713892E-01
  0.2012696E-02   0.1042483E+01  -0.1106130E+01  -0.1107245E+01  -0.1132800E+01  -0.1107497E+01   0.1236262E-02  -0.4973578E-01
  0.2010584E-02   0.1042485E+01   0.3331735E+00   0.3335089E+00   0.3412059E+00   0.3332111E+00   0.1120421E-03   0.1495608E-01
  0.2008664E-02   0.1042487E+01   0.3429965E+00   0.3433415E+00   0.3512651E+00   0.3430372E+00   0.1186324E-03   0.1538975E-01
  0.2006936E-02   0.1042489E+01   0.9516163E+00   0.9525726E+00   0.9745550E+00   0.9524839E+00   0.9123725E-03   0.4271306E-01
  0.2005400E-02   0.1042491E+01  -0.1405139E-01  -0.1406550E-01  -0.1439008E-01  -0.1405138E-01   0.1987712E-06  -0.6298764E-03
  0.2004056E-02   0.1042492E+01   0.1193365E+01   0.1194563E+01   0.1222128E+01   0.1195076E+01   0.1432745E-02   0.5355328E-01
  0.2002904E-02   0.1042493E+01  -0.9503275E+00  -0.9512806E+00  -0.9732313E+00  -0.9511897E+00   0.9080676E-03  -0.4261206E-01
  0.2001944E-02   0.1042494E+01  -0.1260450E+01  -0.1261713E+01  -0.1290826E+01  -0.1262465E+01   0.1596664E-02  -0.5654323E-01
  0.2001176E-02   0.1042495E+01  -0.3876550E+00  -0.3880435E+00  -0.3969972E+00  -0.3877123E+00   0.1509684E-03  -0.1736150E-01
  0.2000600E-02   0.1042496E+01  -0.1180141E+01  -0.1181324E+01  -0.1208581E+01  -0.1181794E+01   0.1398742E-02  -0.5291231E-01
  0.2000216E-02   0.1042496E+01  -0.2398351E+00  -0.2400754E+00  -0.2456147E+00  -0.2398481E+00   0.5775793E-04  -0.1073766E-01
  0.2000024E-02   0.1042496E+01   0.4724977E+00   0.4729709E+00   0.4838840E+00   0.4726020E+00   0.2241525E-03   0.2115670E-01
  0.2000024E-02   0.1042496E+01   0.2807650E+00   0.2810462E+00   0.2875309E+00   0.2807862E+00   0.7914621E-04   0.1256979E-01
  0.2000216E-02   0.1042496E+01   0.4510499E+00   0.4515017E+00   0.4619194E+00   0.4511405E+00   0.2042844E-03   0.2019691E-01
  0.2000600E-02   0.1042496E+01   0.1281772E+01   0.1283056E+01   0.1312661E+01   0.1283891E+01   0.1650029E-02   0.5748351E-01
  0.2001176E-02   0.1042495E+01  -0.1586934E+01  -0.1588524E+01  -0.1625178E+01  -0.1590964E+01   0.2529955E-02  -0.7124232E-01
  0.2001944E-02   0.1042494E+01  -0.6123828E+00  -0.6129967E+00  -0.6271412E+00  -0.6126121E+00   0.3768847E-03  -0.2743764E-01
  0.2002904E-02   0.1042493E+01  -0.4900408E+00  -0.4905323E+00  -0.5018512E+00  -0.4901579E+00   0.2414549E-03  -0.2195844E-01
  0.2004056E-02   0.1042492E+01  -0.5166716E-01  -0.5171901E-01  -0.5291245E-01  -0.5166719E-01   0.2685663E-05  -0.2315290E-02
  0.2005400E-02   0.1042491E+01  -0.1250103E+00  -0.1251359E+00  -0.1280235E+00  -0.1250121E+00   0.1573282E-04  -0.5603877E-02
  0.2006936E-02   0.1042489E+01   0.5016669E-01   0.5021711E-01   0.5137596E-01   0.5016679E-01   0.2535592E-05   0.2249673E-02
  0.2008664E-02   0.1042487E+01   0.1841703E+01   0.1843556E+01   0.1886101E+01   0.1848021E+01   0.3420292E-02   0.8290813E-01
  0.2010584E-02   0.1042485E+01  -0.9908010E+00  -0.9917985E+00  -0.1014688E+01  -0.9917822E+00   0.9908621E-03  -0.4451583E-01
  0.2012696E-02   0.1042483E+01   0.3555519E+00   0.3559103E+00   0.3641246E+00   0.3555980E+00   0.1277333E-03   0.1596930E-01
  0.2015000E-02   0.1042481E+01  -0.1130753E+00  -0.1131894E+00  -0.1158020E+00  -0.1130772E+00   0.1293400E-04  -0.5081016E-02
  0.2017496E-02   0.1042478E+01   0.2284107E+01   0.2286415E+01   0.2339190E+01   0.2296202E+01   0.5284084E-02   0.1032416E+00
  0.2020184E-02   0.1042475E+01   0.1639363E+01   0.1641022E+01   0.1678902E+01   0.1643824E+01   0.2725635E-02   0.7395879E-01
  0.2023064E-02   0.1042472E+01  -0.1026809E+01  -0.1027849E+01  -0.1051577E+01  -0.1027908E+01   0.1070823E-02  -0.4628056E-01
  0.2026136E-02   0.1042469E+01   0.8253903E+00   0.8262277E+00   0.8453026E+00   0.8259640E+00   0.6929772E-03   0.3721653E-01
  0.2029400E-02   0.1042466E+01  -0.2371416E+00  -0.2373826E+00  -0.2428633E+00  -0.2371575E+00   0.5729511E-04  -0.1069453E-01
  0.2032856E-02   0.1042462E+01   0.2354769E+00   0.2357167E+00   0.2411594E+00   0.2354930E+00   0.5659016E-04   0.1062853E-01
  0.2036504E-02   0.1042458E+01  -0.1280066E+01  -0.1281372E+01  -0.1310961E+01  -0.1282200E+01   0.1675293E-02  -0.5792166E-01
  0.2040344E-02   0.1042454E+01   0.1572084E+01   0.1573691E+01   0.1610033E+01   0.1576033E+01   0.2531624E-02   0.7126243E-01
  0.2044376E-02   0.1042450E+01  -0.9277552E+00  -0.9287050E+00  -0.9501544E+00  -0.9285765E+00   0.8834361E-03  -0.4202837E-01
  0.2048600E-02   0.1042446E+01  -0.5500440E+00  -0.5506083E+00  -0.5633264E+00  -0.5502227E+00   0.3111740E-03  -0.2492943E-01
  0.2053016E-02   0.1042441E+01   0.1569265E+01   0.1570879E+01   0.1607167E+01   0.1573203E+01   0.2538284E-02   0.7135548E-01
  0.2057624E-02   0.1042436E+01   0.4587907E+00   0.4592635E+00   0.4698738E+00   0.4588993E+00   0.2174475E-03   0.2083760E-01
  0.2062424E-02   0.1042431E+01   0.1912770E+01   0.1914746E+01   0.1958987E+01   0.1919903E+01   0.3788497E-02   0.8728036E-01
  0.2067416E-02   0.1042426E+01   0.1115270E+00   0.1116425E+00   0.1142223E+00   0.1115318E+00   0.1291088E-04   0.5076471E-02
  0.2072600E-02   0.1042421E+01   0.2495239E+00   0.2497829E+00   0.2555555E+00   0.2495476E+00   0.6479059E-04   0.1137265E-01
  0.2077976E-02   0.1042415E+01   0.1174752E+00   0.1175974E+00   0.1203155E+00   0.1174809E+00   0.1439824E-04   0.5360919E-02
  0.2083544E-02   0.1042409E+01  -0.9323371E+00  -0.9333099E+00  -0.9548845E+00  -0.9331889E+00   0.9093485E-03  -0.4264065E-01
  0.2089304E-02   0.1042403E+01  -0.1818456E+00  -0.1820359E+00  -0.1862444E+00  -0.1818591E+00   0.3468919E-04  -0.8321278E-02
  0.2095256E-02   0.1042397E+01   0.1451186E+01   0.1452709E+01   0.1486299E+01   0.1454334E+01   0.2215518E-02   0.6664050E-01
  0.2101400E-02   0.1042391E+01  -0.9605952E+00  -0.9616060E+00  -0.9838435E+00  -0.9615332E+00   0.9736139E-03  -0.4412406E-01
  0.2107736E-02   0.1042384E+01   0.1226226E+01   0.1227520E+01   0.1255911E+01   0.1228146E+01   0.1591328E-02   0.5644382E-01
  0.2114264E-02   0.1042377E+01   0.1896486E+01   0.1898494E+01   0.1942410E+01   0.1903488E+01   0.3818274E-02   0.8761720E-01
  0.2120984E-02   0.1042370E+01   0.7273898E-01   0.7281625E-01   0.7450087E-01   0.7274349E-01   0.5634899E-05   0.3353698E-02
  0.2127897E-02   0.1042363E+01  -0.1324415E+01  -0.1325826E+01  -0.1356504E+01  -0.1326838E+01   0.1874212E-02  -0.6127110E-01
  0.2135001E-02   0.1042355E+01  -0.1214792E+01  -0.1216091E+01  -0.1244234E+01  -0.1216677E+01   0.1582079E-02  -0.5627798E-01
  0.2142297E-02   0.1042348E+01  -0.9339450E+00  -0.9349470E+00  -0.9565875E+00  -0.9348286E+00   0.9383287E-03  -0.4331492E-01
  0.2149785E-02   0.1042340E+01  -0.1264614E+01  -0.1265976E+01  -0.1295283E+01  -0.1266744E+01   0.1726435E-02  -0.5879680E-01
  0.2157465E-02   0.1042332E+01  -0.7019805E+00  -0.7027390E+00  -0.7190102E+00  -0.7023814E+00   0.5338752E-03  -0.3265982E-01
  0.2165337E-02   0.1042324E+01   0.9095258E+00   0.9105121E+00   0.9315979E+00   0.9103556E+00   0.8995148E-03   0.4240768E-01
  0.2173401E-02   0.1042315E+01   0.7706281E+00   0.7714669E+00   0.7893358E+00   0.7711529E+00   0.6481706E-03   0.3599008E-01
  0.2181657E-02   0.1042307E+01  -0.3887679E+00  -0.3891926E+00  -0.3982089E+00  -0.3888608E+00   0.1655900E-03  -0.1818284E-01
  0.2190105E-02   0.1042298E+01   0.6102438E+00   0.6109132E+00   0.6250685E+00   0.6105283E+00   0.4095869E-03   0.2860318E-01
  0.2198745E-02   0.1042289E+01   0.1791243E+01   0.1793215E+01   0.1834773E+01   0.1797226E+01   0.3542955E-02   0.8436611E-01
  0.2207577E-02   0.1042280E+01   0.1249234E+01   0.1250615E+01   0.1279604E+01   0.1251325E+01   0.1730186E-02   0.5885833E-01
  0.2216601E-02   0.1042270E+01  -0.9198981E+00  -0.9209193E+00  -0.9422702E+00  -0.9207786E+00   0.9420292E-03  -0.4339911E-01
  0.2225817E-02   0.1042261E+01   0.4880957E+00   0.4886398E+00   0.4999709E+00   0.4882660E+00   0.2663206E-03   0.2306137E-01
  0.2235225E-02   0.1042251E+01   0.5371331E-01   0.5377344E-01   0.5502066E-01   0.5371958E-01   0.3238909E-05   0.2542607E-02
  0.2244825E-02   0.1042241E+01  -0.1654580E+01  -0.1656440E+01  -0.1694867E+01  -0.1659353E+01   0.3086597E-02  -0.7870787E-01
  0.2254617E-02   0.1042231E+01   0.1843332E+01   0.1845413E+01   0.1888234E+01   0.1849896E+01   0.3847782E-02   0.8793743E-01
  0.2264601E-02   0.1042220E+01   0.6654917E-01   0.6662466E-01   0.6817095E-01   0.6655803E-01   0.5037514E-05   0.3170944E-02
  0.2274777E-02   0.1042209E+01   0.1340993E+00   0.1342521E+00   0.1373687E+00   0.1341197E+00   0.2054661E-04   0.6404076E-02
  0.2285145E-02   0.1042199E+01   0.6722724E+00   0.6730418E+00   0.6886695E+00   0.6726718E+00   0.5187540E-03   0.3219266E-01
  0.2295705E-02   0.1042188E+01   0.5372884E+00   0.5379062E+00   0.5503990E+00   0.5375220E+00   0.3328874E-03   0.2578418E-01
  0.2306457E-02   0.1042176E+01  -0.4029402E+00  -0.4034057E+00  -0.4127770E+00  -0.4030663E+00   0.1881058E-03  -0.1937986E-01
  0.2317401E-02   0.1042165E+01  -0.6465295E+00  -0.6472799E+00  -0.6623201E+00  -0.6469019E+00   0.4865899E-03  -0.3117761E-01
  0.2328537E-02   0.1042153E+01  -0.9661531E-01  -0.9672800E-01  -0.9897612E-01  -0.9663174E-01   0.1091868E-04  -0.4668395E-02
  0.2339865E-02   0.1042141E+01  -0.2423620E+00  -0.2426461E+00  -0.2482870E+00  -0.2424166E+00   0.6904380E-04  -0.1173996E-01
  0.2351385E-02   0.1042129E+01  -0.2482919E+01  -0.2485843E+01  -0.2543647E+01  -0.2498898E+01   0.7282217E-02  -0.1213170E+00
  0.2363097E-02   0.1042117E+01  -0.1298984E+01  -0.1300522E+01  -0.1330772E+01  -0.1301428E+01   0.2003155E-02  -0.6333949E-01
  0.2375002E-02   0.1042105E+01   0.1949428E+01   0.1951748E+01   0.1997156E+01   0.1957287E+01   0.4534338E-02   0.9549988E-01
  0.2387098E-02   0.1042092E+01   0.6589234E+00   0.6597113E+00   0.6750639E+00   0.6593368E+00   0.5206980E-03   0.3225235E-01
  0.2399386E-02   0.1042079E+01   0.3576070E+00   0.3580368E+00   0.3663712E+00   0.3577232E+00   0.1541589E-03   0.1754360E-01
  0.2411866E-02   0.1042066E+01   0.1890839E+01   0.1893124E+01   0.1937204E+01   0.1898064E+01   0.4332412E-02   0.9332796E-01
  0.2424538E-02   0.1042053E+01   0.1162929E+01   0.1164341E+01   0.1191460E+01   0.1164758E+01   0.1647456E-02   0.5742188E-01
  0.2437402E-02   0.1042040E+01   0.1190364E+01   0.1191817E+01   0.1219584E+01   0.1192322E+01   0.1735307E-02   0.5893684E-01
  0.2450458E-02   0.1042026E+01   0.1732451E+01   0.1734577E+01   0.1775000E+01   0.1738093E+01   0.3695473E-02   0.8614487E-01
  0.2463706E-02   0.1042012E+01   0.3480166E+00   0.3484461E+00   0.3565688E+00   0.3481385E+00   0.1499344E-03   0.1730144E-01
  0.2477146E-02   0.1041998E+01  -0.3456486E+00  -0.3460775E+00  -0.3541474E+00  -0.3457715E+00   0.1487119E-03  -0.1723072E-01
  0.2490778E-02   0.1041984E+01   0.1944813E+00   0.1947239E+00   0.1992659E+00   0.1945357E+00   0.4733984E-04   0.9720944E-02
  0.2504602E-02   0.1041969E+01  -0.9952459E+00  -0.9964946E+00  -0.1019745E+01  -0.9964876E+00   0.1246659E-02  -0.4993279E-01
  0.2518618E-02   0.1041955E+01  -0.2114880E+00  -0.2117548E+00  -0.2166970E+00  -0.2115516E+00   0.5661011E-04  -0.1063029E-01
  0.2532826E-02   0.1041940E+01  -0.5969490E+00  -0.5977064E+00  -0.6116608E+00  -0.5973203E+00   0.4535787E-03  -0.3009960E-01
  0.2547226E-02   0.1041925E+01  -0.5290540E-01  -0.5297291E-01  -0.5421003E-01  -0.5291984E-01   0.3583049E-05  -0.2674276E-02
  0.2561818E-02   0.1041910E+01  -0.1284705E+01  -0.1286354E+01  -0.1316405E+01  -0.1287202E+01   0.2124972E-02  -0.6523457E-01
  0.2576602E-02   0.1041894E+01   0.7739421E+00   0.7749411E+00   0.7930507E+00   0.7746298E+00   0.7756668E-03   0.3937115E-01
  0.2591578E-02   0.1041879E+01  -0.4148067E+00  -0.4153452E+00  -0.4250546E+00  -0.4149999E+00   0.2241196E-03  -0.2115406E-01
  0.2606746E-02   0.1041863E+01  -0.2856157E+00  -0.2859887E+00  -0.2926764E+00  -0.2857249E+00   0.1068809E-03  -0.1460711E-01
  0.2622106E-02   0.1041847E+01   0.2486437E+00   0.2489703E+00   0.2547943E+00   0.2487357E+00   0.8148087E-04   0.1275362E-01
  0.2637659E-02   0.1041830E+01  -0.8006868E-01  -0.8017448E-01  -0.8205059E-01  -0.8009446E-01   0.8499785E-05  -0.4118938E-02
  0.2653403E-02   0.1041814E+01  -0.1343178E+01  -0.1344963E+01  -0.1376447E+01  -0.1346059E+01   0.2406290E-02  -0.6942929E-01
  0.2669339E-02   0.1041797E+01   0.2947460E+00   0.2951402E+00   0.3020514E+00   0.2948695E+00   0.1165712E-03   0.1525500E-01
  0.2685467E-02   0.1041780E+01  -0.1063699E+00  -0.1065130E+00  -0.1090080E+00  -0.1064072E+00   0.1527435E-04  -0.5521598E-02
  0.2701787E-02   0.1041763E+01  -0.6014146E+00  -0.6022287E+00  -0.6163409E+00  -0.6018430E+00   0.4912685E-03  -0.3132537E-01
  0.2718299E-02   0.1041746E+01  -0.5984406E+00  -0.5992556E+00  -0.6133032E+00  -0.5988696E+00   0.4894108E-03  -0.3126597E-01
  0.2735003E-02   0.1041729E+01   0.2107565E+00   0.2110453E+00   0.2159944E+00   0.2108427E+00   0.6107571E-04   0.1104161E-01
  0.2751899E-02   0.1041711E+01   0.9641833E+00   0.9655127E+00   0.9881626E+00   0.9654468E+00   0.1286220E-02   0.5071577E-01
  0.2768987E-02   0.1041693E+01   0.8927969E+00   0.8940356E+00   0.9150165E+00   0.8938551E+00   0.1109698E-02   0.4710095E-01
  0.2786267E-02   0.1041675E+01  -0.9048239E-01  -0.9060871E-01  -0.9273589E-01  -0.9051843E-01   0.1146950E-04  -0.4784695E-02
  0.2803739E-02   0.1041657E+01  -0.1339894E+01  -0.1341776E+01  -0.1373288E+01  -0.1342858E+01   0.2530970E-02  -0.7120466E-01
  0.2821403E-02   0.1041638E+01   0.1030871E+01   0.1032329E+01   0.1056583E+01   0.1032397E+01   0.1507642E-02   0.5491523E-01
  0.2839259E-02   0.1041620E+01  -0.8466893E+00  -0.8478939E+00  -0.8678226E+00  -0.8476542E+00   0.1023512E-02  -0.4523126E-01
  0.2857307E-02   0.1041601E+01  -0.2146000E+01  -0.2149073E+01  -0.2199604E+01  -0.2156939E+01   0.6617164E-02  -0.1154616E+00
  0.2875548E-02   0.1041582E+01  -0.1347566E+01  -0.1349508E+01  -0.1381251E+01  -0.1350624E+01   0.2625983E-02  -0.7253039E-01
  0.2893980E-02   0.1041563E+01   0.1400871E+01   0.1402903E+01   0.1435916E+01   0.1404271E+01   0.2856139E-02   0.7565333E-01
  0.2912604E-02   0.1041543E+01  -0.7878287E+00  -0.7889785E+00  -0.8075522E+00  -0.7886790E+00   0.9091771E-03  -0.4262598E-01
  0.2931420E-02   0.1041524E+01   0.7385546E+00   0.7396395E+00   0.7570588E+00   0.7393027E+00   0.8041983E-03   0.4008656E-01
  0.2950428E-02   0.1041504E+01  -0.1062689E+01  -0.1064260E+01  -0.1089335E+01  -0.1064402E+01   0.1675844E-02  -0.5790150E-01
  0.2969628E-02   0.1041484E+01  -0.4462417E+00  -0.4469058E+00  -0.4574396E+00  -0.4465464E+00   0.2974374E-03  -0.2437044E-01
  0.2989020E-02   0.1041463E+01  -0.1246555E+01  -0.1248423E+01  -0.1277861E+01  -0.1249125E+01   0.2336265E-02  -0.6839435E-01
  0.3008604E-02   0.1041443E+01  -0.2452916E+01  -0.2456614E+01  -0.2514567E+01  -0.2469153E+01   0.9105787E-02  -0.1356391E+00
  0.3028380E-02   0.1041422E+01   0.6673234E+00   0.6683361E+00   0.6841094E+00   0.6679644E+00   0.6784026E-03   0.3681435E-01
  0.3048348E-02   0.1041401E+01   0.1127222E+01   0.1128944E+01   0.1155600E+01   0.1129256E+01   0.1948523E-02   0.6244357E-01
  0.3068508E-02   0.1041380E+01   0.1066599E+01   0.1068239E+01   0.1093472E+01   0.1068391E+01   0.1756179E-02   0.5927357E-01
  0.3088860E-02   0.1041359E+01  -0.6456079E+00  -0.6466074E+00  -0.6618879E+00  -0.6462292E+00   0.6477286E-03  -0.3597141E-01
  0.3109404E-02   0.1041338E+01  -0.2111480E+00  -0.2114771E+00  -0.2164769E+00  -0.2112741E+00   0.6974712E-04  -0.1179943E-01
  0.3130141E-02   0.1041316E+01  -0.1550574E+01  -0.1553007E+01  -0.1589740E+01  -0.1555217E+01   0.3786536E-02  -0.8714727E-01
  0.3151069E-02   0.1041294E+01  -0.1243310E+01  -0.1245273E+01  -0.1274741E+01  -0.1245964E+01   0.2450913E-02  -0.7005187E-01
  0.3172189E-02   0.1041272E+01   0.4993055E+00   0.5000994E+00   0.5119391E+00   0.4997225E+00   0.3979436E-03   0.2819021E-01
  0.3193501E-02   0.1041250E+01   0.1410259E+01   0.1412516E+01   0.1445972E+01   0.1413932E+01   0.3196046E-02   0.8003073E-01
  0.3215005E-02   0.1041227E+01   0.2909784E+00   0.2914472E+00   0.2983536E+00   0.2911793E+00   0.1369841E-03   0.1653677E-01
  0.3236701E-02   0.1041205E+01   0.3957087E+00   0.3963507E+00   0.4057473E+00   0.3960150E+00   0.2550585E-03   0.2256664E-01
  0.3258589E-02   0.1041182E+01  -0.8116302E+00  -0.8129558E+00  -0.8322383E+00  -0.8126786E+00   0.1080316E-02  -0.4646676E-01
  0.3280669E-02   0.1041159E+01  -0.9446573E+00  -0.9462107E+00  -0.9686646E+00  -0.9461110E+00   0.1473449E-02  -0.5427963E-01
  0.3302941E-02   0.1041135E+01  -0.1100212E+00  -0.1102033E+00  -0.1128198E+00  -0.1100940E+00   0.2012320E-04  -0.6337710E-02
  0.3325405E-02   0.1041112E+01  -0.1552182E+01  -0.1554770E+01  -0.1591701E+01  -0.1556991E+01   0.4032675E-02  -0.8993562E-01
  0.3348061E-02   0.1041088E+01  -0.9670448E+00  -0.9686677E+00  -0.9916881E+00  -0.9686076E+00   0.1576048E-02  -0.5614005E-01
  0.3370909E-02   0.1041064E+01  -0.1209656E+01  -0.1211700E+01  -0.1240510E+01  -0.1212271E+01   0.2482982E-02  -0.7050281E-01
  0.3393950E-02   0.1041040E+01  -0.8309660E+00  -0.8323798E+00  -0.8521809E+00  -0.8321227E+00   0.1179763E-02  -0.4855996E-01
  0.3417182E-02   0.1041016E+01  -0.3554122E+00  -0.3560210E+00  -0.3644945E+00  -0.3557087E+00   0.2173082E-03  -0.2082916E-01
  0.3440606E-02   0.1040992E+01  -0.2037174E+00  -0.2040688E+00  -0.2089282E+00  -0.2038723E+00   0.7188776E-04  -0.1197910E-01
  0.3464222E-02   0.1040967E+01   0.1524684E+00   0.1527332E+00   0.1563720E+00   0.1525833E+00   0.4054614E-04   0.8996291E-02
  0.3488030E-02   0.1040942E+01  -0.2052865E+01  -0.2056455E+01  -0.2105474E+01  -0.2063168E+01   0.7401265E-02  -0.1220628E+00
  0.3512030E-02   0.1040917E+01  -0.1413914E+01  -0.1416403E+01  -0.1450184E+01  -0.1417839E+01   0.3535331E-02  -0.8417248E-01
  0.3536222E-02   0.1040892E+01   0.6789779E+00   0.6801816E+00   0.6964118E+00   0.6798142E+00   0.8209142E-03   0.4049760E-01
  0.3560606E-02   0.1040866E+01  -0.6556550E-01  -0.6568253E-01  -0.6725065E-01  -0.6561684E-01   0.7708021E-05  -0.3922400E-02
  0.3585182E-02   0.1040841E+01  -0.2299023E+00  -0.2303155E+00  -0.2358170E+00  -0.2300964E+00   0.9543056E-04  -0.1380211E-01
  0.3609950E-02   0.1040815E+01  -0.1584384E+00  -0.1587252E+00  -0.1625186E+00  -0.1585697E+00   0.4563872E-04  -0.9544567E-02
  0.3634911E-02   0.1040789E+01  -0.1114352E+00  -0.1116383E+00  -0.1143078E+00  -0.1115275E+00   0.2273377E-04  -0.6736273E-02
  0.3660063E-02   0.1040762E+01   0.1091089E+01   0.1093091E+01   0.1119244E+01   0.1093306E+01   0.2194643E-02   0.6626468E-01
  0.3685407E-02   0.1040736E+01  -0.1008574E+01  -0.1010438E+01  -0.1034626E+01  -0.1010459E+01   0.1888331E-02  -0.6145586E-01
  0.3710943E-02   0.1040709E+01  -0.6142298E+00  -0.6153727E+00  -0.6301117E+00  -0.6149884E+00   0.7052536E-03  -0.3753327E-01
  0.3736671E-02   0.1040682E+01  -0.8333585E+00  -0.8349198E+00  -0.8549284E+00  -0.8346655E+00   0.1307285E-02  -0.5111729E-01
  0.3762591E-02   0.1040655E+01  -0.8675646E+00  -0.8692014E+00  -0.8900430E+00  -0.8689876E+00   0.1426708E-02  -0.5340423E-01
  0.3788703E-02   0.1040628E+01  -0.1418380E+01  -0.1421074E+01  -0.1455168E+01  -0.1422534E+01   0.3840101E-02  -0.8772678E-01
  0.3815007E-02   0.1040601E+01  -0.5191674E+00  -0.5201606E+00  -0.5326470E+00  -0.5197793E+00   0.5180840E-03  -0.3216597E-01
  0.3841503E-02   0.1040573E+01  -0.1473268E+00  -0.1476105E+00  -0.1511559E+00  -0.1474655E+00   0.4201241E-04  -0.9157497E-02
  0.3868191E-02   0.1040545E+01  -0.4026572E+00  -0.4034382E+00  -0.4131337E+00  -0.4030988E+00   0.3160205E-03  -0.2511927E-01
  0.3895072E-02   0.1040517E+01   0.1605112E+01   0.1608247E+01   0.1646919E+01   0.1610820E+01   0.5056917E-02   0.1007284E+00
  0.3922144E-02   0.1040489E+01   0.5817169E+00   0.5828611E+00   0.5968847E+00   0.5824743E+00   0.6688524E-03   0.3655038E-01
  0.3949408E-02   0.1040460E+01  -0.4495053E+00  -0.4503956E+00  -0.4612384E+00  -0.4500348E+00   0.4021692E-03  -0.2833814E-01
  0.3976864E-02   0.1040431E+01  -0.3692356E+00  -0.3699720E+00  -0.3788839E+00  -0.3696511E+00   0.2732618E-03  -0.2335757E-01
  0.4004512E-02   0.1040403E+01  -0.3378872E+00  -0.3385657E+00  -0.3467260E+00  -0.3382646E+00   0.2304349E-03  -0.2144878E-01
  0.4032352E-02   0.1040374E+01   0.2071349E+00   0.2075538E+00   0.2125593E+00   0.2073542E+00   0.8720561E-04   0.1319379E-01
  0.4060384E-02   0.1040344E+01  -0.1198824E+01  -0.1201266E+01  -0.1230254E+01  -0.1201802E+01   0.2941591E-02  -0.7673612E-01
  0.4088608E-02   0.1040315E+01   0.2338224E+01   0.2343019E+01   0.2399592E+01   0.2353674E+01   0.1126877E-01   0.1508078E+00
  0.4117024E-02   0.1040285E+01  -0.3709986E+00  -0.3717646E+00  -0.3807465E+00  -0.3714427E+00   0.2856809E-03  -0.2388248E-01
  0.4145633E-02   0.1040255E+01  -0.5297134E-01  -0.5308148E-01  -0.5436472E-01  -0.5302831E-01   0.5864771E-05  -0.3421411E-02
  0.4174433E-02   0.1040225E+01   0.2036007E+01   0.2040270E+01   0.2089623E+01   0.2046793E+01   0.8724879E-02   0.1325199E+00
  0.4203425E-02   0.1040195E+01  -0.1405078E+01  -0.1408041E+01  -0.1442122E+01  -0.1409435E+01   0.4184400E-02  -0.9157171E-01
  0.4232609E-02   0.1040164E+01  -0.6565438E+00  -0.6579377E+00  -0.6738727E+00  -0.6575626E+00   0.9200042E-03  -0.4287087E-01
  0.4261985E-02   0.1040134E+01   0.2279920E+00   0.2284794E+00   0.2340166E+00   0.2282619E+00   0.1117200E-03   0.1493368E-01
  0.4291553E-02   0.1040103E+01  -0.1085477E+00  -0.1087814E+00  -0.1114194E+00  -0.1086734E+00   0.2550126E-04  -0.7134516E-02
  0.4321313E-02   0.1040072E+01   0.1724083E+01   0.1727820E+01   0.1769746E+01   0.1731282E+01   0.6478338E-02   0.1140554E+00
  0.4351265E-02   0.1040040E+01  -0.5497403E+00  -0.5509403E+00  -0.5643174E+00  -0.5505546E+00   0.6632671E-03  -0.3639612E-01
  0.4381410E-02   0.1040009E+01   0.1205595E+01   0.1208244E+01   0.1237600E+01   0.1208804E+01   0.3212185E-02   0.8018927E-01
  0.4411746E-02   0.1039977E+01  -0.1142632E+00  -0.1145161E+00  -0.1173002E+00  -0.1144026E+00   0.2905586E-04  -0.7615547E-02
  0.4442274E-02   0.1039945E+01   0.4232373E-01   0.4241805E-01   0.4344997E-01   0.4237552E-01   0.4014304E-05   0.2830639E-02
  0.4472994E-02   0.1039913E+01  -0.4165193E+00  -0.4174540E+00  -0.4276161E+00  -0.4171076E+00   0.3915006E-03  -0.2795894E-01
  0.4503906E-02   0.1039881E+01  -0.3577749E+00  -0.3585834E+00  -0.3673182E+00  -0.3582694E+00   0.2908707E-03  -0.2409820E-01
  0.4535010E-02   0.1039848E+01  -0.9545760E+00  -0.9567479E+00  -0.9800688E+00  -0.9566664E+00   0.2085054E-02  -0.6457088E-01
  0.4566306E-02   0.1039816E+01  -0.5631668E+00  -0.5644571E+00  -0.5782249E+00  -0.5640705E+00   0.7307764E-03  -0.3820408E-01
  0.4597794E-02   0.1039783E+01  -0.1893693E+00  -0.1898062E+00  -0.1944389E+00  -0.1896224E+00   0.8320353E-04  -0.1288739E-01
  0.4629475E-02   0.1039750E+01  -0.5347149E+00  -0.5359570E+00  -0.5490471E+00  -0.5355731E+00   0.6680005E-03  -0.3652517E-01
  0.4661347E-02   0.1039716E+01   0.3281089E-01   0.3288763E-01   0.3369141E-01   0.3285463E-01   0.2532654E-05   0.2248365E-02
  0.4693411E-02   0.1039683E+01   0.1326491E+00   0.1329615E+00   0.1362133E+00   0.1328303E+00   0.4168248E-04   0.9121431E-02
  0.4725667E-02   0.1039649E+01   0.1232439E+01   0.1235361E+01   0.1265594E+01   0.1236015E+01   0.3623082E-02   0.8516949E-01
  0.4758115E-02   0.1039615E+01  -0.5922870E+00  -0.5937011E+00  -0.6082408E+00  -0.5933147E+00   0.8425817E-03  -0.4102403E-01
  0.4790755E-02   0.1039581E+01   0.8665849E+00   0.8686682E+00   0.8899564E+00   0.8684538E+00   0.1816216E-02   0.6025478E-01
  0.4823587E-02   0.1039547E+01  -0.1191006E+01  -0.1193889E+01  -0.1223168E+01  -0.1194400E+01   0.3454363E-02  -0.8315434E-01
  0.4856611E-02   0.1039513E+01  -0.2580332E+01  -0.2586621E+01  -0.2650098E+01  -0.2601558E+01   0.1632613E-01  -0.1817428E+00
  0.4889828E-02   0.1039478E+01  -0.7193272E+00  -0.7210924E+00  -0.7388008E+00  -0.7207444E+00   0.1277539E-02  -0.5052339E-01
  0.4923236E-02   0.1039443E+01   0.1767870E+01   0.1772238E+01   0.1815791E+01   0.1776068E+01   0.7769772E-02   0.1249271E+00
  0.4956836E-02   0.1039408E+01  -0.1194765E+01  -0.1197737E+01  -0.1227192E+01  -0.1198261E+01   0.3573185E-02  -0.8457319E-01
  0.4990628E-02   0.1039373E+01   0.5449154E+00   0.5462803E+00   0.5597240E+00   0.5458951E+00   0.7483919E-03   0.3866101E-01
  0.5024612E-02   0.1039337E+01  -0.6105669E+00  -0.6121066E+00  -0.6271810E+00  -0.6117219E+00   0.9460505E-03  -0.4347095E-01
  0.5058788E-02   0.1039301E+01  -0.8081701E+00  -0.8102221E+00  -0.8301898E+00  -0.8099422E+00   0.1668888E-02  -0.5775354E-01
  0.5093156E-02   0.1039265E+01  -0.6936555E+00  -0.6954287E+00  -0.7125797E+00  -0.6950678E+00   0.1237884E-02  -0.4973126E-01
  0.5127717E-02   0.1039229E+01   0.8249003E+00   0.8270234E+00   0.8474346E+00   0.8267606E+00   0.1762635E-02   0.5935511E-01
  0.5162469E-02   0.1039193E+01   0.1271101E+01   0.1274395E+01   0.1305870E+01   0.1275196E+01   0.4213893E-02   0.9186066E-01
  0.5197413E-02   0.1039157E+01  -0.1157630E-01  -0.1160650E-01  -0.1189337E-01  -0.1159485E-01   0.3519032E-06  -0.8380890E-03
  0.5232549E-02   0.1039120E+01  -0.4117137E+00  -0.4127951E+00  -0.4230053E+00  -0.4124511E+00   0.4481577E-03  -0.2991357E-01
  0.5267877E-02   0.1039083E+01   0.5794705E+00   0.5810029E+00   0.5953841E+00   0.5806161E+00   0.8938323E-03   0.4225263E-01
  0.5303397E-02   0.1039046E+01   0.7595397E+00   0.7615618E+00   0.7804262E+00   0.7612402E+00   0.1546122E-02   0.5558447E-01
  0.5339109E-02   0.1039009E+01  -0.5515123E+00  -0.5529905E+00  -0.5666987E+00  -0.5526047E+00   0.8207279E-03  -0.4048662E-01
  0.5375014E-02   0.1038971E+01  -0.1117982E+01  -0.1120999E+01  -0.1148808E+01  -0.1121288E+01   0.3395476E-02  -0.8242851E-01
  0.5411110E-02   0.1038933E+01   0.5189632E+00   0.5203730E+00   0.5332919E+00   0.5199917E+00   0.7366179E-03   0.3835463E-01
  0.5447398E-02   0.1038895E+01  -0.9858171E+00  -0.9885132E+00  -0.1013073E+01  -0.9884905E+00   0.2676063E-02  -0.7315654E-01
  0.5483878E-02   0.1038857E+01  -0.8615183E+00  -0.8638903E+00  -0.8853698E+00  -0.8636699E+00   0.2057610E-02  -0.6413362E-01
  0.5520550E-02   0.1038819E+01   0.3351355E+00   0.3360644E+00   0.3444265E+00   0.3357649E+00   0.3134740E-03   0.2501661E-01
  0.5557414E-02   0.1038780E+01  -0.4328901E+00  -0.4340981E+00  -0.4449078E+00  -0.4337441E+00   0.5265489E-03  -0.3242501E-01
  0.5594470E-02   0.1038742E+01  -0.1092310E+01  -0.1095379E+01  -0.1122676E+01  -0.1095599E+01   0.3375158E-02  -0.8217683E-01
  0.5631719E-02   0.1038703E+01   0.2050433E+01   0.2056231E+01   0.2107513E+01   0.2062941E+01   0.1197312E-01   0.1552507E+00
  0.5669159E-02   0.1038664E+01  -0.6959704E+00  -0.6979516E+00  -0.7153719E+00  -0.6975918E+00   0.1388700E-02  -0.5267387E-01
  0.5706791E-02   0.1038624E+01  -0.1464974E+01  -0.1469173E+01  -0.1505870E+01  -0.1470888E+01   0.6194312E-02  -0.1114341E+00
  0.5744615E-02   0.1038585E+01   0.4889810E+00   0.4903916E+00   0.5026504E+00   0.4900173E+00   0.6947347E-03   0.3724714E-01
  0.5782631E-02   0.1038545E+01  -0.4747298E+00  -0.4761084E+00  -0.4880195E+00  -0.4757384E+00   0.6592131E-03  -0.3628192E-01
  0.5820839E-02   0.1038505E+01  -0.1385241E-01  -0.1389290E-01  -0.1424074E-01  -0.1387895E-01   0.5650370E-06  -0.1061982E-02
  0.5859239E-02   0.1038465E+01   0.6407533E+00   0.6426388E+00   0.6587415E+00   0.6422596E+00   0.1217019E-02   0.4930685E-01
  0.5897832E-02   0.1038425E+01  -0.2172875E+00  -0.2179311E+00  -0.2233961E+00  -0.2177225E+00   0.1408866E-03  -0.1677004E-01
  0.5936616E-02   0.1038384E+01  -0.1389746E+00  -0.1393890E+00  -0.1428872E+00  -0.1392517E+00   0.5801652E-04  -0.1076125E-01
  0.5975592E-02   0.1038344E+01   0.1085075E+01   0.1088332E+01   0.1115667E+01   0.1088534E+01   0.3560216E-02   0.8439832E-01
  0.6014760E-02   0.1038303E+01   0.7514706E+00   0.7537408E+00   0.7726878E+00   0.7534135E+00   0.1718907E-02   0.5860742E-01
  0.6054120E-02   0.1038262E+01  -0.2731772E-01  -0.2740079E-01  -0.2809013E-01  -0.2737329E-01   0.2286570E-05  -0.2136344E-02
  0.6093672E-02   0.1038220E+01  -0.4391963E+00  -0.4405406E+00  -0.4516325E+00  -0.4401838E+00   0.5949432E-03  -0.3446680E-01
  0.6133417E-02   0.1038179E+01   0.3954398E+00   0.3966581E+00   0.4066534E+00   0.3963223E+00   0.4854865E-03   0.3113406E-01
  0.6173353E-02   0.1038137E+01   0.1979550E+01   0.1985689E+01   0.2035766E+01   0.1991594E+01   0.1224624E-01   0.1569662E+00
  0.6213481E-02   0.1038095E+01   0.1337742E+01   0.1341917E+01   0.1375787E+01   0.1342999E+01   0.5629415E-02   0.1061932E+00
  0.6253801E-02   0.1038053E+01   0.1137695E+00   0.1141269E+00   0.1170098E+00   0.1140138E+00   0.4098404E-04   0.9044646E-02
  0.6294313E-02   0.1038011E+01  -0.1562373E+00  -0.1567313E+00  -0.1606937E+00  -0.1565778E+00   0.7779869E-04  -0.1246164E-01
  0.6335017E-02   0.1037968E+01  -0.9651454E-01  -0.9682171E-01  -0.9927155E-01  -0.9672536E-01   0.2988294E-04  -0.7723147E-02
  0.6375914E-02   0.1037925E+01  -0.1109147E+01  -0.1112700E+01  -0.1140877E+01  -0.1112966E+01   0.3972337E-02  -0.8915426E-01
  0.6417002E-02   0.1037883E+01   0.8702479E+00   0.8730536E+00   0.8951810E+00   0.8728448E+00   0.2461386E-02   0.7014570E-01
  0.6458282E-02   0.1037839E+01  -0.8781606E+00  -0.8810101E+00  -0.9033579E+00  -0.8808118E+00   0.2522683E-02  -0.7101475E-01
  0.6499754E-02   0.1037796E+01  -0.3096563E+00  -0.3106676E+00  -0.3185547E+00  -0.3103856E+00   0.3157118E-03  -0.2510533E-01
  0.6541418E-02   0.1037753E+01   0.1010279E+01   0.1013600E+01   0.1039354E+01   0.1013628E+01   0.3382401E-02   0.8225068E-01
  0.6583274E-02   0.1037709E+01  -0.1566856E+01  -0.1572039E+01  -0.1612017E+01  -0.1574371E+01   0.8188555E-02  -0.1281629E+00
  0.6625323E-02   0.1037665E+01   0.1537728E+01   0.1542848E+01   0.1582117E+01   0.1544995E+01   0.7937981E-02   0.1261752E+00
  0.6667563E-02   0.1037621E+01  -0.1154861E+01  -0.1158731E+01  -0.1188248E+01  -0.1159130E+01   0.4506169E-02  -0.9496608E-01
  0.6709995E-02   0.1037577E+01   0.1743275E+01   0.1749154E+01   0.1793750E+01   0.1752789E+01   0.1033408E-01   0.1440631E+00
  0.6752619E-02   0.1037532E+01   0.8564784E-02   0.8593849E-02   0.8813147E-02   0.8585217E-02   0.2510500E-06   0.7078784E-03
  0.6795435E-02   0.1037487E+01   0.3725780E+00   0.3738504E+00   0.3833986E+00   0.3735273E+00   0.4781282E-03   0.3089667E-01
  0.6838443E-02   0.1037442E+01   0.6245576E-01   0.6267041E-01   0.6427242E-01   0.6260771E-01   0.1352174E-04   0.5195131E-02
  0.6881644E-02   0.1037397E+01   0.6446580E+00   0.6468877E+00   0.6634381E+00   0.6465095E+00   0.1449836E-02   0.5381713E-01
  0.6925036E-02   0.1037352E+01   0.1018455E+01   0.1022000E+01   0.1048171E+01   0.1022046E+01   0.3641766E-02   0.8534743E-01
  0.6968620E-02   0.1037306E+01   0.1504772E+01   0.1510043E+01   0.1548744E+01   0.1511991E+01   0.8000778E-02   0.1266605E+00
  0.7012396E-02   0.1037261E+01   0.2436197E+00   0.2444784E+00   0.2507498E+00   0.2442474E+00   0.2110442E-03   0.2052539E-01
  0.7056364E-02   0.1037215E+01  -0.1287578E+01  -0.1292145E+01  -0.1325321E+01  -0.1293017E+01   0.5932654E-02  -0.1090015E+00
  0.7100524E-02   0.1037169E+01  -0.2928363E-01  -0.2938815E-01  -0.3014336E-01  -0.2935866E-01   0.3088159E-05  -0.2482726E-02
  0.7144877E-02   0.1037122E+01   0.5529186E+00   0.5549045E+00   0.5691770E+00   0.5545186E+00   0.1107938E-02   0.4704035E-01
  0.7189421E-02   0.1037076E+01   0.7652758E+00   0.7680417E+00   0.7878139E+00   0.7677250E+00   0.2135832E-02   0.6533102E-01
  0.7234157E-02   0.1037029E+01   0.3289366E+00   0.3301329E+00   0.3386393E+00   0.3298374E+00   0.3970897E-03   0.2815596E-01
  0.7279085E-02   0.1036982E+01  -0.4664849E+00  -0.4681921E+00  -0.4802667E+00  -0.4678247E+00   0.8036514E-03  -0.4005973E-01
  0.7324205E-02   0.1036935E+01  -0.3470782E+00  -0.3483563E+00  -0.3573485E+00  -0.3480487E+00   0.4476827E-03  -0.2989624E-01
  0.7369517E-02   0.1036888E+01   0.3818879E+00   0.3833029E+00   0.3932062E+00   0.3829744E+00   0.5453881E-03   0.3299859E-01
  0.7415022E-02   0.1036840E+01   0.6001157E+00   0.6023531E+00   0.6179300E+00   0.6019673E+00   0.1355242E-02   0.5202898E-01
  0.7460718E-02   0.1036792E+01  -0.1940818E+01  -0.1948098E+01  -0.1998523E+01  -0.1953600E+01   0.1426345E-01  -0.1693761E+00
  0.7506606E-02   0.1036744E+01  -0.7099191E+00  -0.7125988E+00  -0.7310604E+00  -0.7122462E+00   0.1920331E-02  -0.6194241E-01
  0.7552686E-02   0.1036696E+01   0.4994541E+00   0.5013510E+00   0.5143517E+00   0.5009738E+00   0.9564180E-03   0.4370308E-01
  0.7598958E-02   0.1036648E+01   0.1061109E+01   0.1065164E+01   0.1092811E+01   0.1065308E+01   0.4343802E-02   0.9321994E-01
  0.7645423E-02   0.1036599E+01   0.1545469E+01   0.1551411E+01   0.1591716E+01   0.1553612E+01   0.9271679E-02   0.1363671E+00
  0.7692079E-02   0.1036551E+01   0.3077990E+00   0.3089897E+00   0.3170244E+00   0.3087089E+00   0.3700455E-03   0.2717989E-01
  0.7738927E-02   0.1036502E+01   0.1144392E+01   0.1148846E+01   0.1178748E+01   0.1149216E+01   0.5146932E-02   0.1014913E+00
  0.7785967E-02   0.1036453E+01  -0.6920748E+00  -0.6947849E+00  -0.7128854E+00  -0.6944236E+00   0.1893991E-02  -0.6151458E-01
  0.7833199E-02   0.1036403E+01   0.1385162E+01   0.1390619E+01   0.1426882E+01   0.1391928E+01   0.7633806E-02   0.1236784E+00
  0.7880624E-02   0.1036354E+01   0.6954108E+00   0.6981672E+00   0.7163900E+00   0.6978075E+00   0.1935912E-02   0.6219192E-01
  0.7928240E-02   0.1036304E+01  -0.3495094E+00  -0.3509032E+00  -0.3600707E+00  -0.3505940E+00   0.4920150E-03  -0.3134162E-01
  0.7976048E-02   0.1036254E+01  -0.5265657E+00  -0.5286783E+00  -0.5425034E+00  -0.5282955E+00   0.1123618E-02  -0.4737069E-01
