     V1       p_cum1 Time
1   0.8 0.0001699235    1
2   0.8 0.0011894647    2
3   0.8 0.0171622770    3
4   0.8 0.1305012744    4
5   0.8 0.5858963466    5
6   0.8 0.9007646559    6
7   0.8 0.9787595582    7
8   0.8 0.9940526763    8
9   0.8 0.9991503823    9
10  0.8 0.9996601529   10
11  0.8 1.0000000000   11
12  0.8 1.0000000000   12
13  0.8 1.0000000000   13
14  0.8 1.0000000000   14
15  0.8 1.0000000000   15
16  0.8 1.0000000000   16
17  0.8 1.0000000000   17
18  0.8 1.0000000000   18
19  0.8 1.0000000000   19
20  0.8 1.0000000000   20
21  0.8 1.0000000000   21
22  0.8 1.0000000000   22
23  0.8 1.0000000000   23
24  0.8 1.0000000000   24
25  0.8 1.0000000000   25
26  0.8 1.0000000000   26
27  0.6 0.0001699235    1
28  0.6 0.0005097706    2
29  0.6 0.0103653356    3
30  0.6 0.0649107901    4
31  0.6 0.1322005098    5
32  0.6 0.4817332201    6
33  0.6 0.7464740867    7
34  0.6 0.8825828377    8
35  0.6 0.9493627867    9
36  0.6 0.9819881054   10
37  0.6 0.9908241291   11
38  0.6 0.9957519116   12
39  0.6 0.9986406117   13
40  0.6 0.9996601529   14
41  0.6 1.0000000000   15
42  0.6 1.0000000000   16
43  0.6 1.0000000000   17
44  0.6 1.0000000000   18
45  0.6 1.0000000000   19
46  0.6 1.0000000000   20
47  0.6 1.0000000000   21
48  0.6 1.0000000000   22
49  0.6 1.0000000000   23
50  0.6 1.0000000000   24
51  0.6 1.0000000000   25
52  0.6 1.0000000000   26
53  0.4 0.0001699235    1
54  0.4 0.0020390824    2
55  0.4 0.0207306712    3
56  0.4 0.1537807986    4
57  0.4 0.3463041631    5
58  0.4 0.5542905692    6
59  0.4 0.7165675446    7
60  0.4 0.8224299065    8
61  0.4 0.8895497026    9
62  0.4 0.9294817332   10
63  0.4 0.9532710280   11
64  0.4 0.9685641461   12
65  0.4 0.9814783347   13
66  0.4 0.9875955820   14
67  0.4 0.9923534410   15
68  0.4 0.9949022940   16
69  0.4 0.9969413764   17
70  0.4 0.9986406117   18
71  0.4 0.9993203059   19
72  0.4 0.9994902294   20
73  0.4 0.9994902294   21
74  0.4 0.9998300765   22
75  0.4 1.0000000000   23
76  0.4 1.0000000000   24
77  0.4 1.0000000000   25
78  0.4 1.0000000000   26
79  0.2 0.0001736413    1
80  0.2 0.0003472825    2
81  0.2 0.0489668345    3
82  0.2 0.0960236152    4
83  0.2 0.1706893558    5
84  0.2 0.2573363431    6
85  0.2 0.3471088731    7
86  0.2 0.4396596631    8
87  0.2 0.5176245876    9
88  0.2 0.5865601667   10
89  0.2 0.6587949297   11
90  0.2 0.7150546970   12
91  0.2 0.7654106616   13
92  0.2 0.8095155409   14
93  0.2 0.8449383574   15
94  0.2 0.8748046536   16
95  0.2 0.8982462233   17
96  0.2 0.9215141518   18
97  0.2 0.9369682236   19
98  0.2 0.9486021879   20
99  0.2 0.9617989234   21
100 0.2 0.9743010939   22
101 0.2 0.9835040806   23
102 0.2 0.9892342421   24
103 0.2 0.9949644035   25
104 0.2 1.0000000000   26
